date,venue,race_no,race_name,detail,horse_no,horse_name,win_odds,implied_prob,fetched_at_jst,race_status
2026-07-04,福島,1,2歳未勝利,10:05発走 / 芝1800m (右 A) / 天候:曇 / 馬場:稍,1,��潟�鴻�≪����������冴��,17.8,5.6,2026-07-04 18:33:39+09:00,result
2026-07-04,福島,1,2歳未勝利,10:05発走 / 芝1800m (右 A) / 天候:曇 / 馬場:稍,2,�����鴻�冴����吟�����,235.4,0.4,2026-07-04 18:33:39+09:00,result
2026-07-04,福島,1,2歳未勝利,10:05発走 / 芝1800m (右 A) / 天候:曇 / 馬場:稍,3,�����ｃ�潟�帥�若�������若��,1.1,90.9,2026-07-04 18:33:39+09:00,result
2026-07-04,福島,1,2歳未勝利,10:05発走 / 芝1800m (右 A) / 天候:曇 / 馬場:稍,4,�����ャ�若�������＜�ゃ�帥��,9.7,10.3,2026-07-04 18:33:39+09:00,result
2026-07-04,福島,1,2歳未勝利,10:05発走 / 芝1800m (右 A) / 天候:曇 / 馬場:稍,5,�����障����若����ｃ��,5.6,17.9,2026-07-04 18:33:39+09:00,result
2026-07-04,福島,1,2歳未勝利,10:05発走 / 芝1800m (右 A) / 天候:曇 / 馬場:稍,6,��激�若�冴�吟����ｃ�潟��,50.3,2.0,2026-07-04 18:33:39+09:00,result
2026-07-04,福島,1,2歳未勝利,10:05発走 / 芝1800m (右 A) / 天候:曇 / 馬場:稍,7,�����ゃ�����������������,139.5,0.7,2026-07-04 18:33:39+09:00,result
2026-07-04,福島,1,2歳未勝利,10:05発走 / 芝1800m (右 A) / 天候:曇 / 馬場:稍,8,��������≪�ゃ�������ゃ��,24.7,4.0,2026-07-04 18:33:39+09:00,result
2026-07-04,福島,2,3歳未勝利,10:40発走 / 芝2600m (右 A) / 天候:曇 / 馬場:稍,1,�����＜����潟����若��,3.7,27.0,2026-07-04 18:33:42+09:00,result
2026-07-04,福島,2,3歳未勝利,10:40発走 / 芝2600m (右 A) / 天候:曇 / 馬場:稍,2,�����潟����潟����ゃ�����,15.7,6.4,2026-07-04 18:33:42+09:00,result
2026-07-04,福島,2,3歳未勝利,10:40発走 / 芝2600m (右 A) / 天候:曇 / 馬場:稍,3,������������������,3.9,25.6,2026-07-04 18:33:42+09:00,result
2026-07-04,福島,2,3歳未勝利,10:40発走 / 芝2600m (右 A) / 天候:曇 / 馬場:稍,4,�����若����潟�吟����潟�����,8.5,11.8,2026-07-04 18:33:42+09:00,result
2026-07-04,福島,2,3歳未勝利,10:40発走 / 芝2600m (右 A) / 天候:曇 / 馬場:稍,5,�����違����違�����������,120.7,0.8,2026-07-04 18:33:42+09:00,result
2026-07-04,福島,2,3歳未勝利,10:40発走 / 芝2600m (右 A) / 天候:曇 / 馬場:稍,6,�����������ｃ�������若��,9.9,10.1,2026-07-04 18:33:42+09:00,result
2026-07-04,福島,2,3歳未勝利,10:40発走 / 芝2600m (右 A) / 天候:曇 / 馬場:稍,7,�����ゃ�若�潟�冴����ゃ��,5.2,19.2,2026-07-04 18:33:42+09:00,result
2026-07-04,福島,2,3歳未勝利,10:40発走 / 芝2600m (右 A) / 天候:曇 / 馬場:稍,8,��������若�������若�激�с��,255.1,0.4,2026-07-04 18:33:42+09:00,result
2026-07-04,福島,2,3歳未勝利,10:40発走 / 芝2600m (右 A) / 天候:曇 / 馬場:稍,9,��������ｃ����若�������ゃ��,134.3,0.7,2026-07-04 18:33:42+09:00,result
2026-07-04,福島,2,3歳未勝利,10:40発走 / 芝2600m (右 A) / 天候:曇 / 馬場:稍,10,�����若�若��,163.4,0.6,2026-07-04 18:33:42+09:00,result
2026-07-04,福島,2,3歳未勝利,10:40発走 / 芝2600m (右 A) / 天候:曇 / 馬場:稍,11,�����若�宴�若�違��������,58.1,1.7,2026-07-04 18:33:42+09:00,result
2026-07-04,福島,2,3歳未勝利,10:40発走 / 芝2600m (右 A) / 天候:曇 / 馬場:稍,12,�����泣����＜����＜��,52.3,1.9,2026-07-04 18:33:42+09:00,result
2026-07-04,福島,2,3歳未勝利,10:40発走 / 芝2600m (右 A) / 天候:曇 / 馬場:稍,13,��激�潟�激�с��,14.3,7.0,2026-07-04 18:33:42+09:00,result
2026-07-04,福島,2,3歳未勝利,10:40発走 / 芝2600m (右 A) / 天候:曇 / 馬場:稍,14,�����������������吟����潟��,142.3,0.7,2026-07-04 18:33:42+09:00,result
2026-07-04,福島,2,3歳未勝利,10:40発走 / 芝2600m (右 A) / 天候:曇 / 馬場:稍,15,��������ゃ�潟�違�����,17.4,5.7,2026-07-04 18:33:42+09:00,result
2026-07-04,福島,2,3歳未勝利,10:40発走 / 芝2600m (右 A) / 天候:曇 / 馬場:稍,16,��≪�ゃ�鴻�≪�ゃ�鴻����ゃ��,16.4,6.1,2026-07-04 18:33:42+09:00,result
2026-07-04,福島,3,3歳未勝利,11:10発走 / ダ1700m (右) / 天候:曇 / 馬場:重,1,�����������宴�違�����,137.9,0.7,2026-07-04 18:33:44+09:00,result
2026-07-04,福島,3,3歳未勝利,11:10発走 / ダ1700m (右) / 天候:曇 / 馬場:重,2,�����������若����若��,203.7,0.5,2026-07-04 18:33:44+09:00,result
2026-07-04,福島,3,3歳未勝利,11:10発走 / ダ1700m (右) / 天候:曇 / 馬場:重,3,��≪�若�帥����若�若�激�с��,133.8,0.7,2026-07-04 18:33:44+09:00,result
2026-07-04,福島,3,3歳未勝利,11:10発走 / ダ1700m (右) / 天候:曇 / 馬場:重,4,�����ゃ����������ゃ�吟��,179.6,0.6,2026-07-04 18:33:44+09:00,result
2026-07-04,福島,3,3歳未勝利,11:10発走 / ダ1700m (右) / 天候:曇 / 馬場:重,5,��������������ｃ�潟�����,197.5,0.5,2026-07-04 18:33:44+09:00,result
2026-07-04,福島,3,3歳未勝利,11:10発走 / ダ1700m (右) / 天候:曇 / 馬場:重,6,��≪�潟�潟�潟�宴��������,86.2,1.2,2026-07-04 18:33:44+09:00,result
2026-07-04,福島,3,3歳未勝利,11:10発走 / ダ1700m (右) / 天候:曇 / 馬場:重,7,��吟�潟�激�ャ����若��,18.0,5.6,2026-07-04 18:33:44+09:00,result
2026-07-04,福島,3,3歳未勝利,11:10発走 / ダ1700m (右) / 天候:曇 / 馬場:重,8,�����潟����若�����������,2.1,47.6,2026-07-04 18:33:44+09:00,result
2026-07-04,福島,3,3歳未勝利,11:10発走 / ダ1700m (右) / 天候:曇 / 馬場:重,9,��������吾�������≪����吾��,250.9,0.4,2026-07-04 18:33:44+09:00,result
2026-07-04,福島,3,3歳未勝利,11:10発走 / ダ1700m (右) / 天候:曇 / 馬場:重,10,��祉�ゃ�������������激�����,50.0,2.0,2026-07-04 18:33:44+09:00,result
2026-07-04,福島,3,3歳未勝利,11:10発走 / ダ1700m (右) / 天候:曇 / 馬場:重,11,�����ゃ�潟����若����若�����,318.3,0.3,2026-07-04 18:33:44+09:00,result
2026-07-04,福島,3,3歳未勝利,11:10発走 / ダ1700m (右) / 天候:曇 / 馬場:重,12,��ゃ�潟����ャ�吟����ゃ�潟��,2.2,45.5,2026-07-04 18:33:44+09:00,result
2026-07-04,福島,3,3歳未勝利,11:10発走 / ダ1700m (右) / 天候:曇 / 馬場:重,13,�����潟�≪�鴻����若��������,72.7,1.4,2026-07-04 18:33:44+09:00,result
2026-07-04,福島,3,3歳未勝利,11:10発走 / ダ1700m (右) / 天候:曇 / 馬場:重,14,��激�с�������潟�帥�����,15.3,6.5,2026-07-04 18:33:44+09:00,result
2026-07-04,福島,3,3歳未勝利,11:10発走 / ダ1700m (右) / 天候:曇 / 馬場:重,15,�����帥�������潟��������,7.9,12.7,2026-07-04 18:33:44+09:00,result
2026-07-04,福島,4,3歳未勝利,11:40発走 / 芝1200m (右 A) / 天候:曇 / 馬場:稍,1,��帥�ゃ�祉�ゃ�鴻�帥�����,12.1,8.3,2026-07-04 18:33:47+09:00,result
2026-07-04,福島,4,3歳未勝利,11:40発走 / 芝1200m (右 A) / 天候:曇 / 馬場:稍,2,�����鴻����ｃ����������潟��,15.5,6.5,2026-07-04 18:33:47+09:00,result
2026-07-04,福島,4,3歳未勝利,11:40発走 / 芝1200m (右 A) / 天候:曇 / 馬場:稍,3,�����吾�鴻�����,16.8,6.0,2026-07-04 18:33:47+09:00,result
2026-07-04,福島,4,3歳未勝利,11:40発走 / 芝1200m (右 A) / 天候:曇 / 馬場:稍,4,��≪�若��������������,8.3,12.0,2026-07-04 18:33:47+09:00,result
2026-07-04,福島,4,3歳未勝利,11:40発走 / 芝1200m (右 A) / 天候:曇 / 馬場:稍,5,��������潟�������若����若��,96.1,1.0,2026-07-04 18:33:47+09:00,result
2026-07-04,福島,4,3歳未勝利,11:40発走 / 芝1200m (右 A) / 天候:曇 / 馬場:稍,6,��������若�������泣����祉��,21.6,4.6,2026-07-04 18:33:47+09:00,result
2026-07-04,福島,4,3歳未勝利,11:40発走 / 芝1200m (右 A) / 天候:曇 / 馬場:稍,7,��������帥����若����潟��,333.2,0.3,2026-07-04 18:33:47+09:00,result
2026-07-04,福島,4,3歳未勝利,11:40発走 / 芝1200m (右 A) / 天候:曇 / 馬場:稍,8,��������ｃ��,19.3,5.2,2026-07-04 18:33:47+09:00,result
2026-07-04,福島,4,3歳未勝利,11:40発走 / 芝1200m (右 A) / 天候:曇 / 馬場:稍,9,��違����ゃ�激����若�激�с��,1.6,62.5,2026-07-04 18:33:47+09:00,result
2026-07-04,福島,4,3歳未勝利,11:40発走 / 芝1200m (右 A) / 天候:曇 / 馬場:稍,10,�����若����ｃ�若����≪�若��,135.1,0.7,2026-07-04 18:33:47+09:00,result
2026-07-04,福島,4,3歳未勝利,11:40発走 / 芝1200m (右 A) / 天候:曇 / 馬場:稍,11,�����ャ����ゃ��,63.4,1.6,2026-07-04 18:33:47+09:00,result
2026-07-04,福島,4,3歳未勝利,11:40発走 / 芝1200m (右 A) / 天候:曇 / 馬場:稍,12,��������潟��������,19.7,5.1,2026-07-04 18:33:47+09:00,result
2026-07-04,福島,4,3歳未勝利,11:40発走 / 芝1200m (右 A) / 天候:曇 / 馬場:稍,13,��≪�������＜��������,149.4,0.7,2026-07-04 18:33:47+09:00,result
2026-07-04,福島,4,3歳未勝利,11:40発走 / 芝1200m (右 A) / 天候:曇 / 馬場:稍,14,�����������������鴻��������,146.3,0.7,2026-07-04 18:33:47+09:00,result
2026-07-04,福島,4,3歳未勝利,11:40発走 / 芝1200m (右 A) / 天候:曇 / 馬場:稍,15,��激�������≪����若��,199.2,0.5,2026-07-04 18:33:47+09:00,result
2026-07-04,福島,4,3歳未勝利,11:40発走 / 芝1200m (右 A) / 天候:曇 / 馬場:稍,16,�����若�������������若��,7.8,12.8,2026-07-04 18:33:47+09:00,result
2026-07-04,福島,5,2歳新馬,12:30発走 / 芝1800m (右 A) / 天候:晴 / 馬場:良,1,��鴻�帥�若�鴻��������,4.1,24.4,2026-07-04 18:33:50+09:00,result
2026-07-04,福島,5,2歳新馬,12:30発走 / 芝1800m (右 A) / 天候:晴 / 馬場:良,2,��潟�鴻�≪����������潟��,12.7,7.9,2026-07-04 18:33:50+09:00,result
2026-07-04,福島,5,2歳新馬,12:30発走 / 芝1800m (右 A) / 天候:晴 / 馬場:良,3,��泣����������＜�ゃ�帥��,8.8,11.4,2026-07-04 18:33:50+09:00,result
2026-07-04,福島,5,2歳新馬,12:30発走 / 芝1800m (右 A) / 天候:晴 / 馬場:良,4,�����吾����������＜�ゃ��,228.6,0.4,2026-07-04 18:33:50+09:00,result
2026-07-04,福島,5,2歳新馬,12:30発走 / 芝1800m (右 A) / 天候:晴 / 馬場:良,5,��潟����泣��,55.3,1.8,2026-07-04 18:33:50+09:00,result
2026-07-04,福島,5,2歳新馬,12:30発走 / 芝1800m (右 A) / 天候:晴 / 馬場:良,6,�����潟����潟�������ゃ��,103.5,1.0,2026-07-04 18:33:50+09:00,result
2026-07-04,福島,5,2歳新馬,12:30発走 / 芝1800m (右 A) / 天候:晴 / 馬場:良,7,�����с����鴻�祉�潟��,89.5,1.1,2026-07-04 18:33:50+09:00,result
2026-07-04,福島,5,2歳新馬,12:30発走 / 芝1800m (右 A) / 天候:晴 / 馬場:良,8,��������������冴��,57.3,1.7,2026-07-04 18:33:50+09:00,result
2026-07-04,福島,5,2歳新馬,12:30発走 / 芝1800m (右 A) / 天候:晴 / 馬場:良,9,�����������������宴�����,2.5,40.0,2026-07-04 18:33:50+09:00,result
2026-07-04,福島,5,2歳新馬,12:30発走 / 芝1800m (右 A) / 天候:晴 / 馬場:良,10,��違����������������ｃ��,6.7,14.9,2026-07-04 18:33:50+09:00,result
2026-07-04,福島,5,2歳新馬,12:30発走 / 芝1800m (右 A) / 天候:晴 / 馬場:良,11,��違����鴻�������若�吾��,160.2,0.6,2026-07-04 18:33:50+09:00,result
2026-07-04,福島,5,2歳新馬,12:30発走 / 芝1800m (右 A) / 天候:晴 / 馬場:良,12,��������ｃ�����������,146.5,0.7,2026-07-04 18:33:50+09:00,result
2026-07-04,福島,5,2歳新馬,12:30発走 / 芝1800m (右 A) / 天候:晴 / 馬場:良,13,�����若�������違����潟��,13.6,7.4,2026-07-04 18:33:50+09:00,result
2026-07-04,福島,5,2歳新馬,12:30発走 / 芝1800m (右 A) / 天候:晴 / 馬場:良,14,�����若�������若��������,7.4,13.5,2026-07-04 18:33:50+09:00,result
2026-07-04,福島,6,2歳新馬,13:01発走 / ダ1700m (右) / 天候:晴 / 馬場:重,1,�����帥����������ャ�若��,110.6,0.9,2026-07-04 18:33:52+09:00,result
2026-07-04,福島,6,2歳新馬,13:01発走 / ダ1700m (右) / 天候:晴 / 馬場:重,2,�����ャ�若����若�����,78.2,1.3,2026-07-04 18:33:52+09:00,result
2026-07-04,福島,6,2歳新馬,13:01発走 / ダ1700m (右) / 天候:晴 / 馬場:重,3,��＜�ゃ����≪����若��,34.2,2.9,2026-07-04 18:33:52+09:00,result
2026-07-04,福島,6,2歳新馬,13:01発走 / ダ1700m (右) / 天候:晴 / 馬場:重,4,��潟�潟�������ャ�若��,7.6,13.2,2026-07-04 18:33:52+09:00,result
2026-07-04,福島,6,2歳新馬,13:01発走 / ダ1700m (右) / 天候:晴 / 馬場:重,5,��ゃ����帥�宴�蚊�潟��,261.2,0.4,2026-07-04 18:33:52+09:00,result
2026-07-04,福島,6,2歳新馬,13:01発走 / ダ1700m (右) / 天候:晴 / 馬場:重,6,��＜�吾�ｃ�若�激�潟�����,5.1,19.6,2026-07-04 18:33:52+09:00,result
2026-07-04,福島,6,2歳新馬,13:01発走 / ダ1700m (右) / 天候:晴 / 馬場:重,7,��������違����若��,20.0,5.0,2026-07-04 18:33:52+09:00,result
2026-07-04,福島,6,2歳新馬,13:01発走 / ダ1700m (右) / 天候:晴 / 馬場:重,8,��������������若��,62.0,1.6,2026-07-04 18:33:52+09:00,result
2026-07-04,福島,6,2歳新馬,13:01発走 / ダ1700m (右) / 天候:晴 / 馬場:重,9,��≪�若�≪�若�����,120.3,0.8,2026-07-04 18:33:52+09:00,result
2026-07-04,福島,6,2歳新馬,13:01発走 / ダ1700m (右) / 天候:晴 / 馬場:重,10,������������,2.0,50.0,2026-07-04 18:33:52+09:00,result
2026-07-04,福島,6,2歳新馬,13:01発走 / ダ1700m (右) / 天候:晴 / 馬場:重,11,�����ゃ�������ャ�����,28.4,3.5,2026-07-04 18:33:52+09:00,result
2026-07-04,福島,6,2歳新馬,13:01発走 / ダ1700m (右) / 天候:晴 / 馬場:重,12,��������������������泣��,103.2,1.0,2026-07-04 18:33:52+09:00,result
2026-07-04,福島,6,2歳新馬,13:01発走 / ダ1700m (右) / 天候:晴 / 馬場:重,13,�����＜����潟�激����с�若��,10.3,9.7,2026-07-04 18:33:52+09:00,result
2026-07-04,福島,6,2歳新馬,13:01発走 / ダ1700m (右) / 天候:晴 / 馬場:重,14,��鴻�若�������潟�����,39.1,2.6,2026-07-04 18:33:52+09:00,result
2026-07-04,福島,6,2歳新馬,13:01発走 / ダ1700m (右) / 天候:晴 / 馬場:重,15,�����若�宴�若����若��,6.6,15.2,2026-07-04 18:33:52+09:00,result
2026-07-04,福島,7,3歳未勝利,13:30発走 / 芝2000m (右 A) / 天候:晴 / 馬場:良,1,��吾�若����違����ゃ��,140.3,0.7,2026-07-04 18:33:55+09:00,result
2026-07-04,福島,7,3歳未勝利,13:30発走 / 芝2000m (右 A) / 天候:晴 / 馬場:良,2,�����ゃ�ゃ�≪�潟�����������,3.1,32.3,2026-07-04 18:33:55+09:00,result
2026-07-04,福島,7,3歳未勝利,13:30発走 / 芝2000m (右 A) / 天候:晴 / 馬場:良,3,��������潟����≪����若��,49.8,2.0,2026-07-04 18:33:55+09:00,result
2026-07-04,福島,7,3歳未勝利,13:30発走 / 芝2000m (右 A) / 天候:晴 / 馬場:良,4,�����祉�鴻�吾�с�若�潟��,34.9,2.9,2026-07-04 18:33:55+09:00,result
2026-07-04,福島,7,3歳未勝利,13:30発走 / 芝2000m (右 A) / 天候:晴 / 馬場:良,5,��≪�冴��,221.2,0.5,2026-07-04 18:33:55+09:00,result
2026-07-04,福島,7,3歳未勝利,13:30発走 / 芝2000m (右 A) / 天候:晴 / 馬場:良,6,��≪�若����違�����,3.3,30.3,2026-07-04 18:33:55+09:00,result
2026-07-04,福島,7,3歳未勝利,13:30発走 / 芝2000m (右 A) / 天候:晴 / 馬場:良,7,�����������激�����,5.2,19.2,2026-07-04 18:33:55+09:00,result
2026-07-04,福島,7,3歳未勝利,13:30発走 / 芝2000m (右 A) / 天候:晴 / 馬場:良,8,�����ｃ�������若��,15.1,6.6,2026-07-04 18:33:55+09:00,result
2026-07-04,福島,7,3歳未勝利,13:30発走 / 芝2000m (右 A) / 天候:晴 / 馬場:良,9,��≪�������ｃ�������若��,29.6,3.4,2026-07-04 18:33:55+09:00,result
2026-07-04,福島,7,3歳未勝利,13:30発走 / 芝2000m (右 A) / 天候:晴 / 馬場:良,10,�����������������ゃ��������,62.1,1.6,2026-07-04 18:33:55+09:00,result
2026-07-04,福島,7,3歳未勝利,13:30発走 / 芝2000m (右 A) / 天候:晴 / 馬場:良,11,��≪�������ゃ�ゃ�����,97.6,1.0,2026-07-04 18:33:55+09:00,result
2026-07-04,福島,7,3歳未勝利,13:30発走 / 芝2000m (右 A) / 天候:晴 / 馬場:良,12,�����若�������鴻�≪�若��,269.7,0.4,2026-07-04 18:33:55+09:00,result
2026-07-04,福島,7,3歳未勝利,13:30発走 / 芝2000m (右 A) / 天候:晴 / 馬場:良,13,��≪�潟�眼��������,16.9,5.9,2026-07-04 18:33:55+09:00,result
2026-07-04,福島,7,3歳未勝利,13:30発走 / 芝2000m (右 A) / 天候:晴 / 馬場:良,14,�����若�鴻����������ゃ�潟��,6.6,15.2,2026-07-04 18:33:55+09:00,result
2026-07-04,福島,7,3歳未勝利,13:30発走 / 芝2000m (右 A) / 天候:晴 / 馬場:良,15,�����帥����≪�ゃ��,128.4,0.8,2026-07-04 18:33:55+09:00,result
2026-07-04,福島,7,3歳未勝利,13:30発走 / 芝2000m (右 A) / 天候:晴 / 馬場:良,16,��鴻�帥�若�����������������,24.9,4.0,2026-07-04 18:33:55+09:00,result
2026-07-04,福島,8,3歳以上1勝クラス,14:01発走 / ダ1700m (右) / 天候:晴 / 馬場:稍,1,��眼�若�眼�若����潟��,6.2,16.1,2026-07-04 18:33:57+09:00,result
2026-07-04,福島,8,3歳以上1勝クラス,14:01発走 / ダ1700m (右) / 天候:晴 / 馬場:稍,2,������������������������,239.6,0.4,2026-07-04 18:33:57+09:00,result
2026-07-04,福島,8,3歳以上1勝クラス,14:01発走 / ダ1700m (右) / 天候:晴 / 馬場:稍,3,��激�ャ�若����ｃ�潟�違�����,4.7,21.3,2026-07-04 18:33:57+09:00,result
2026-07-04,福島,8,3歳以上1勝クラス,14:01発走 / ダ1700m (右) / 天候:晴 / 馬場:稍,4,�����≪�������若��,17.3,5.8,2026-07-04 18:33:57+09:00,result
2026-07-04,福島,8,3歳以上1勝クラス,14:01発走 / ダ1700m (右) / 天候:晴 / 馬場:稍,5,�����������違�����,19.4,5.2,2026-07-04 18:33:57+09:00,result
2026-07-04,福島,8,3歳以上1勝クラス,14:01発走 / ダ1700m (右) / 天候:晴 / 馬場:稍,6,�����激�ｃ�������若��,3.0,33.3,2026-07-04 18:33:57+09:00,result
2026-07-04,福島,8,3歳以上1勝クラス,14:01発走 / ダ1700m (右) / 天候:晴 / 馬場:稍,7,���������������,77.4,1.3,2026-07-04 18:33:57+09:00,result
2026-07-04,福島,8,3歳以上1勝クラス,14:01発走 / ダ1700m (右) / 天候:晴 / 馬場:稍,8,��ゃ�潟�違�≪�＜�������潟��,8.9,11.2,2026-07-04 18:33:57+09:00,result
2026-07-04,福島,8,3歳以上1勝クラス,14:01発走 / ダ1700m (右) / 天候:晴 / 馬場:稍,9,�����鴻�激�若����ゃ�吾��,86.2,1.2,2026-07-04 18:33:57+09:00,result
2026-07-04,福島,8,3歳以上1勝クラス,14:01発走 / ダ1700m (右) / 天候:晴 / 馬場:稍,10,��������с����������若��,50.6,2.0,2026-07-04 18:33:57+09:00,result
2026-07-04,福島,8,3歳以上1勝クラス,14:01発走 / ダ1700m (右) / 天候:晴 / 馬場:稍,11,��������������ゃ����若��,123.2,0.8,2026-07-04 18:33:57+09:00,result
2026-07-04,福島,8,3歳以上1勝クラス,14:01発走 / ダ1700m (右) / 天候:晴 / 馬場:稍,12,��潟�鴻�≪�激�с�����������,15.2,6.6,2026-07-04 18:33:57+09:00,result
2026-07-04,福島,8,3歳以上1勝クラス,14:01発走 / ダ1700m (右) / 天候:晴 / 馬場:稍,13,��������鴻�����,23.0,4.3,2026-07-04 18:33:57+09:00,result
2026-07-04,福島,8,3歳以上1勝クラス,14:01発走 / ダ1700m (右) / 天候:晴 / 馬場:稍,14,�����������ャ��������,7.0,14.3,2026-07-04 18:33:57+09:00,result
2026-07-04,福島,8,3歳以上1勝クラス,14:01発走 / ダ1700m (右) / 天候:晴 / 馬場:稍,15,�����潟����鴻����若��,37.2,2.7,2026-07-04 18:33:57+09:00,result
2026-07-04,福島,9,伊達特別,14:35発走 / 芝2000m (右 A) / 天候:晴 / 馬場:良,1,�����激����ゃ�鴻�������若��,29.3,3.4,2026-07-04 18:33:59+09:00,result
2026-07-04,福島,9,伊達特別,14:35発走 / 芝2000m (右 A) / 天候:晴 / 馬場:良,2,��＜�≪�眼�ｃ��,35.0,2.9,2026-07-04 18:33:59+09:00,result
2026-07-04,福島,9,伊達特別,14:35発走 / 芝2000m (右 A) / 天候:晴 / 馬場:良,3,��≪�����������,92.8,1.1,2026-07-04 18:33:59+09:00,result
2026-07-04,福島,9,伊達特別,14:35発走 / 芝2000m (右 A) / 天候:晴 / 馬場:良,4,��潟�鴻�≪�≪����若��,5.5,18.2,2026-07-04 18:33:59+09:00,result
2026-07-04,福島,9,伊達特別,14:35発走 / 芝2000m (右 A) / 天候:晴 / 馬場:良,5,�����若�潟�鴻�����������,15.9,6.3,2026-07-04 18:33:59+09:00,result
2026-07-04,福島,9,伊達特別,14:35発走 / 芝2000m (右 A) / 天候:晴 / 馬場:良,6,�����������������若��,6.0,16.7,2026-07-04 18:33:59+09:00,result
2026-07-04,福島,9,伊達特別,14:35発走 / 芝2000m (右 A) / 天候:晴 / 馬場:良,7,�����������祉�潟����ャ�����,11.2,8.9,2026-07-04 18:33:59+09:00,result
2026-07-04,福島,9,伊達特別,14:35発走 / 芝2000m (右 A) / 天候:晴 / 馬場:良,8,�����ゃ�����������,109.6,0.9,2026-07-04 18:33:59+09:00,result
2026-07-04,福島,9,伊達特別,14:35発走 / 芝2000m (右 A) / 天候:晴 / 馬場:良,9,��≪����若�＜�帥��,1.5,66.7,2026-07-04 18:33:59+09:00,result
2026-07-04,福島,9,伊達特別,14:35発走 / 芝2000m (右 A) / 天候:晴 / 馬場:良,10,��潟�鴻�≪�������眼�＜��,28.4,3.5,2026-07-04 18:33:59+09:00,result
2026-07-04,福島,10,横手特別,15:10発走 / ダ1700m (右) / 天候:晴 / 馬場:稍,1,�����潟�������潟��������,16.0,6.2,2026-07-04 18:34:01+09:00,result
2026-07-04,福島,10,横手特別,15:10発走 / ダ1700m (右) / 天候:晴 / 馬場:稍,2,�����ゃ�潟�≪�������若��,57.7,1.7,2026-07-04 18:34:01+09:00,result
2026-07-04,福島,10,横手特別,15:10発走 / ダ1700m (右) / 天候:晴 / 馬場:稍,3,��������������������潟��,7.6,13.2,2026-07-04 18:34:01+09:00,result
2026-07-04,福島,10,横手特別,15:10発走 / ダ1700m (右) / 天候:晴 / 馬場:稍,4,�����ｃ�若�冴�眼�若�����,2.7,37.0,2026-07-04 18:34:01+09:00,result
2026-07-04,福島,10,横手特別,15:10発走 / ダ1700m (右) / 天候:晴 / 馬場:稍,5,��������ｃ�若�冴�����������,37.7,2.7,2026-07-04 18:34:01+09:00,result
2026-07-04,福島,10,横手特別,15:10発走 / ダ1700m (右) / 天候:晴 / 馬場:稍,6,��������若����鴻����若��,4.0,25.0,2026-07-04 18:34:01+09:00,result
2026-07-04,福島,10,横手特別,15:10発走 / ダ1700m (右) / 天候:晴 / 馬場:稍,7,�����������������若��,31.6,3.2,2026-07-04 18:34:01+09:00,result
2026-07-04,福島,10,横手特別,15:10発走 / ダ1700m (右) / 天候:晴 / 馬場:稍,8,�����ャ�若�吟����若��,7.9,12.7,2026-07-04 18:34:01+09:00,result
2026-07-04,福島,10,横手特別,15:10発走 / ダ1700m (右) / 天候:晴 / 馬場:稍,9,�����潟�違����с�����������,9.4,10.6,2026-07-04 18:34:01+09:00,result
2026-07-04,福島,10,横手特別,15:10発走 / ダ1700m (右) / 天候:晴 / 馬場:稍,10,�����ゃ��������������,7.3,13.7,2026-07-04 18:34:01+09:00,result
2026-07-04,福島,11,TUF杯,15:45発走 / ダ1150m (右) / 天候:晴 / 馬場:稍,1,��������ｃ��������,22.0,4.5,2026-07-04 18:34:04+09:00,result
2026-07-04,福島,11,TUF杯,15:45発走 / ダ1150m (右) / 天候:晴 / 馬場:稍,2,��蚊����吟��,27.8,3.6,2026-07-04 18:34:04+09:00,result
2026-07-04,福島,11,TUF杯,15:45発走 / ダ1150m (右) / 天候:晴 / 馬場:稍,3,�����鴻����激�ｃ�����,26.4,3.8,2026-07-04 18:34:04+09:00,result
2026-07-04,福島,11,TUF杯,15:45発走 / ダ1150m (右) / 天候:晴 / 馬場:稍,4,��＜�ゃ�激�с����潟�����,95.3,1.0,2026-07-04 18:34:04+09:00,result
2026-07-04,福島,11,TUF杯,15:45発走 / ダ1150m (右) / 天候:晴 / 馬場:稍,5,�����������≪����������ゃ��,45.5,2.2,2026-07-04 18:34:04+09:00,result
2026-07-04,福島,11,TUF杯,15:45発走 / ダ1150m (右) / 天候:晴 / 馬場:稍,6,��≪�ゃ�≪����������激�ャ��,13.4,7.5,2026-07-04 18:34:04+09:00,result
2026-07-04,福島,11,TUF杯,15:45発走 / ダ1150m (右) / 天候:晴 / 馬場:稍,7,�����祉�������≪��,6.9,14.5,2026-07-04 18:34:04+09:00,result
2026-07-04,福島,11,TUF杯,15:45発走 / ダ1150m (右) / 天候:晴 / 馬場:稍,8,��ゃ��������,6.3,15.9,2026-07-04 18:34:04+09:00,result
2026-07-04,福島,11,TUF杯,15:45発走 / ダ1150m (右) / 天候:晴 / 馬場:稍,9,��蚊�ゃ�������ゃ�����,1.6,62.5,2026-07-04 18:34:04+09:00,result
2026-07-04,福島,11,TUF杯,15:45発走 / ダ1150m (右) / 天候:晴 / 馬場:稍,10,��������激�с�������吾�с��,9.2,10.9,2026-07-04 18:34:04+09:00,result
2026-07-04,福島,12,3歳以上1勝クラス,16:30発走 / 芝1200m (右 A) / 天候:晴 / 馬場:良,1,��������������若��,223.5,0.4,2026-07-04 18:34:06+09:00,result
2026-07-04,福島,12,3歳以上1勝クラス,16:30発走 / 芝1200m (右 A) / 天候:晴 / 馬場:良,2,��≪����潟�鴻����ゃ��,122.6,0.8,2026-07-04 18:34:06+09:00,result
2026-07-04,福島,12,3歳以上1勝クラス,16:30発走 / 芝1200m (右 A) / 天候:晴 / 馬場:良,3,��≪�������������吟��,59.6,1.7,2026-07-04 18:34:06+09:00,result
2026-07-04,福島,12,3歳以上1勝クラス,16:30発走 / 芝1200m (右 A) / 天候:晴 / 馬場:良,4,�����祉�鴻��������,88.1,1.1,2026-07-04 18:34:06+09:00,result
2026-07-04,福島,12,3歳以上1勝クラス,16:30発走 / 芝1200m (右 A) / 天候:晴 / 馬場:良,5,��������眼�ｃ�����,12.1,8.3,2026-07-04 18:34:06+09:00,result
2026-07-04,福島,12,3歳以上1勝クラス,16:30発走 / 芝1200m (右 A) / 天候:晴 / 馬場:良,6,�����眼�����,4.4,22.7,2026-07-04 18:34:06+09:00,result
2026-07-04,福島,12,3歳以上1勝クラス,16:30発走 / 芝1200m (右 A) / 天候:晴 / 馬場:良,7,��������������＜�����,110.4,0.9,2026-07-04 18:34:06+09:00,result
2026-07-04,福島,12,3歳以上1勝クラス,16:30発走 / 芝1200m (右 A) / 天候:晴 / 馬場:良,8,��������激�с�潟����ｃ�若��,138.1,0.7,2026-07-04 18:34:06+09:00,result
2026-07-04,福島,12,3歳以上1勝クラス,16:30発走 / 芝1200m (右 A) / 天候:晴 / 馬場:良,9,�����������������ｃ�潟�����,8.7,11.5,2026-07-04 18:34:06+09:00,result
2026-07-04,福島,12,3歳以上1勝クラス,16:30発走 / 芝1200m (右 A) / 天候:晴 / 馬場:良,10,��������ャ�������若��,16.3,6.1,2026-07-04 18:34:06+09:00,result
2026-07-04,福島,12,3歳以上1勝クラス,16:30発走 / 芝1200m (右 A) / 天候:晴 / 馬場:良,11,������������,6.5,15.4,2026-07-04 18:34:06+09:00,result
2026-07-04,福島,12,3歳以上1勝クラス,16:30発走 / 芝1200m (右 A) / 天候:晴 / 馬場:良,12,�����激�������≪�若��,89.6,1.1,2026-07-04 18:34:06+09:00,result
2026-07-04,福島,12,3歳以上1勝クラス,16:30発走 / 芝1200m (右 A) / 天候:晴 / 馬場:良,13,�����若�吾�ャ�����������,12.3,8.1,2026-07-04 18:34:06+09:00,result
2026-07-04,福島,12,3歳以上1勝クラス,16:30発走 / 芝1200m (右 A) / 天候:晴 / 馬場:良,14,���������,3.3,30.3,2026-07-04 18:34:06+09:00,result
2026-07-04,福島,12,3歳以上1勝クラス,16:30発走 / 芝1200m (右 A) / 天候:晴 / 馬場:良,15,��������������潟����с��,10.4,9.6,2026-07-04 18:34:06+09:00,result
2026-07-04,福島,12,3歳以上1勝クラス,16:30発走 / 芝1200m (右 A) / 天候:晴 / 馬場:良,16,�����潟����潟�≪�若�����,15.0,6.7,2026-07-04 18:34:06+09:00,result
2026-07-04,小倉,1,3歳以上障害未勝利,09:55発走 / 障2860m (芝) / 天候:雨 / 馬場:重,1,��������帥����������с�ゃ��,142.1,0.7,2026-07-04 18:34:35+09:00,result
2026-07-04,小倉,1,3歳以上障害未勝利,09:55発走 / 障2860m (芝) / 天候:雨 / 馬場:重,2,��眼�若�������������激��,12.4,8.1,2026-07-04 18:34:35+09:00,result
2026-07-04,小倉,1,3歳以上障害未勝利,09:55発走 / 障2860m (芝) / 天候:雨 / 馬場:重,3,��≪����≪�������若��,80.8,1.2,2026-07-04 18:34:35+09:00,result
2026-07-04,小倉,1,3歳以上障害未勝利,09:55発走 / 障2860m (芝) / 天候:雨 / 馬場:重,4,��≪����������ャ�若��,1.4,71.4,2026-07-04 18:34:35+09:00,result
2026-07-04,小倉,1,3歳以上障害未勝利,09:55発走 / 障2860m (芝) / 天候:雨 / 馬場:重,5,�����若�祉�������若�����,26.7,3.7,2026-07-04 18:34:35+09:00,result
2026-07-04,小倉,1,3歳以上障害未勝利,09:55発走 / 障2860m (芝) / 天候:雨 / 馬場:重,6,��＜�ゃ�激�с����純����祉��,6.5,15.4,2026-07-04 18:34:35+09:00,result
2026-07-04,小倉,1,3歳以上障害未勝利,09:55発走 / 障2860m (芝) / 天候:雨 / 馬場:重,7,��眼�若�������潟����若�����,15.7,6.4,2026-07-04 18:34:35+09:00,result
2026-07-04,小倉,1,3歳以上障害未勝利,09:55発走 / 障2860m (芝) / 天候:雨 / 馬場:重,8,��≪����若�吾��,19.9,5.0,2026-07-04 18:34:35+09:00,result
2026-07-04,小倉,1,3歳以上障害未勝利,09:55発走 / 障2860m (芝) / 天候:雨 / 馬場:重,9,��激�ャ����������≪����若��,102.4,1.0,2026-07-04 18:34:35+09:00,result
2026-07-04,小倉,1,3歳以上障害未勝利,09:55発走 / 障2860m (芝) / 天候:雨 / 馬場:重,10,��激�若�����������������,25.3,4.0,2026-07-04 18:34:35+09:00,result
2026-07-04,小倉,1,3歳以上障害未勝利,09:55発走 / 障2860m (芝) / 天候:雨 / 馬場:重,11,��≪�������鴻�吟��������,22.8,4.4,2026-07-04 18:34:35+09:00,result
2026-07-04,小倉,1,3歳以上障害未勝利,09:55発走 / 障2860m (芝) / 天候:雨 / 馬場:重,12,�����ゃ����������鴻��������,17.6,5.7,2026-07-04 18:34:35+09:00,result
2026-07-04,小倉,2,3歳未勝利,10:30発走 / 芝1200m (右 A) / 天候:雨 / 馬場:重,1,�����������������若��,15.0,6.7,2026-07-04 18:34:37+09:00,result
2026-07-04,小倉,2,3歳未勝利,10:30発走 / 芝1200m (右 A) / 天候:雨 / 馬場:重,2,�����潟�違�吾�若����≪��,31.2,3.2,2026-07-04 18:34:37+09:00,result
2026-07-04,小倉,2,3歳未勝利,10:30発走 / 芝1200m (右 A) / 天候:雨 / 馬場:重,3,��＜�������祉�若��,93.2,1.1,2026-07-04 18:34:37+09:00,result
2026-07-04,小倉,2,3歳未勝利,10:30発走 / 芝1200m (右 A) / 天候:雨 / 馬場:重,4,�����激�������������ャ�若��,16.2,6.2,2026-07-04 18:34:37+09:00,result
2026-07-04,小倉,2,3歳未勝利,10:30発走 / 芝1200m (右 A) / 天候:雨 / 馬場:重,5,�����ｃ�����������,61.3,1.6,2026-07-04 18:34:37+09:00,result
2026-07-04,小倉,2,3歳未勝利,10:30発走 / 芝1200m (右 A) / 天候:雨 / 馬場:重,6,��≪�ゃ��������,3.0,33.3,2026-07-04 18:34:37+09:00,result
2026-07-04,小倉,2,3歳未勝利,10:30発走 / 芝1200m (右 A) / 天候:雨 / 馬場:重,7,��泣����泣����潟�違�鴻�帥��,42.8,2.3,2026-07-04 18:34:37+09:00,result
2026-07-04,小倉,2,3歳未勝利,10:30発走 / 芝1200m (右 A) / 天候:雨 / 馬場:重,8,��������激�潟�吟�����,52.4,1.9,2026-07-04 18:34:37+09:00,result
2026-07-04,小倉,2,3歳未勝利,10:30発走 / 芝1200m (右 A) / 天候:雨 / 馬場:重,9,��������≪�������ｃ�鴻�帥��,7.4,13.5,2026-07-04 18:34:37+09:00,result
2026-07-04,小倉,2,3歳未勝利,10:30発走 / 芝1200m (右 A) / 天候:雨 / 馬場:重,10,�����ゃ�������冴����潟�����,153.8,0.7,2026-07-04 18:34:37+09:00,result
2026-07-04,小倉,2,3歳未勝利,10:30発走 / 芝1200m (右 A) / 天候:雨 / 馬場:重,11,�����ャ�若�����������,24.2,4.1,2026-07-04 18:34:37+09:00,result
2026-07-04,小倉,2,3歳未勝利,10:30発走 / 芝1200m (右 A) / 天候:雨 / 馬場:重,12,��激�ｃ�潟�������ャ�ゃ�若��,16.0,6.2,2026-07-04 18:34:37+09:00,result
2026-07-04,小倉,2,3歳未勝利,10:30発走 / 芝1200m (右 A) / 天候:雨 / 馬場:重,13,�����若�吾�ャ�������若��,5.1,19.6,2026-07-04 18:34:37+09:00,result
2026-07-04,小倉,2,3歳未勝利,10:30発走 / 芝1200m (右 A) / 天候:雨 / 馬場:重,14,�����ゃ�������潟�違�����,114.4,0.9,2026-07-04 18:34:37+09:00,result
2026-07-04,小倉,2,3歳未勝利,10:30発走 / 芝1200m (右 A) / 天候:雨 / 馬場:重,15,�����潟�鴻�����������,6.4,15.6,2026-07-04 18:34:37+09:00,result
2026-07-04,小倉,2,3歳未勝利,10:30発走 / 芝1200m (右 A) / 天候:雨 / 馬場:重,16,�����若����������ゃ�潟��,134.2,0.7,2026-07-04 18:34:37+09:00,result
2026-07-04,小倉,2,3歳未勝利,10:30発走 / 芝1200m (右 A) / 天候:雨 / 馬場:重,17,��������������若�潟����若��,13.6,7.4,2026-07-04 18:34:37+09:00,result
2026-07-04,小倉,2,3歳未勝利,10:30発走 / 芝1200m (右 A) / 天候:雨 / 馬場:重,18,��≪�潟��,71.2,1.4,2026-07-04 18:34:37+09:00,result
2026-07-04,小倉,3,3歳未勝利,11:00発走 / 芝2600m (右 A) / 天候:曇 / 馬場:重,1,��������������若����ゃ��,44.4,2.3,2026-07-04 18:34:39+09:00,result
2026-07-04,小倉,3,3歳未勝利,11:00発走 / 芝2600m (右 A) / 天候:曇 / 馬場:重,2,�����������ャ����ャ��,241.0,0.4,2026-07-04 18:34:39+09:00,result
2026-07-04,小倉,3,3歳未勝利,11:00発走 / 芝2600m (右 A) / 天候:曇 / 馬場:重,3,�����若�鴻����激����ｃ�����,155.2,0.6,2026-07-04 18:34:39+09:00,result
2026-07-04,小倉,3,3歳未勝利,11:00発走 / 芝2600m (右 A) / 天候:曇 / 馬場:重,4,��鴻����若����������若��,32.4,3.1,2026-07-04 18:34:39+09:00,result
2026-07-04,小倉,3,3歳未勝利,11:00発走 / 芝2600m (右 A) / 天候:曇 / 馬場:重,5,�����≪����ゃ�冴��������,13.6,7.4,2026-07-04 18:34:39+09:00,result
2026-07-04,小倉,3,3歳未勝利,11:00発走 / 芝2600m (右 A) / 天候:曇 / 馬場:重,6,�����鴻����ｃ����������ゃ��,66.6,1.5,2026-07-04 18:34:39+09:00,result
2026-07-04,小倉,3,3歳未勝利,11:00発走 / 芝2600m (右 A) / 天候:曇 / 馬場:重,7,��泣��������������������,20.2,5.0,2026-07-04 18:34:39+09:00,result
2026-07-04,小倉,3,3歳未勝利,11:00発走 / 芝2600m (右 A) / 天候:曇 / 馬場:重,8,��������若��������������,2.1,47.6,2026-07-04 18:34:39+09:00,result
2026-07-04,小倉,3,3歳未勝利,11:00発走 / 芝2600m (右 A) / 天候:曇 / 馬場:重,9,�����ゃ����������祉��,54.2,1.8,2026-07-04 18:34:39+09:00,result
2026-07-04,小倉,3,3歳未勝利,11:00発走 / 芝2600m (右 A) / 天候:曇 / 馬場:重,10,��＜�ゃ�激�с����激�ャ�����,127.5,0.8,2026-07-04 18:34:39+09:00,result
2026-07-04,小倉,3,3歳未勝利,11:00発走 / 芝2600m (右 A) / 天候:曇 / 馬場:重,11,��激�ｃ�潟����������＜�若��,3.4,29.4,2026-07-04 18:34:39+09:00,result
2026-07-04,小倉,3,3歳未勝利,11:00発走 / 芝2600m (右 A) / 天候:曇 / 馬場:重,12,��������ゃ����潟�潟��������,74.5,1.3,2026-07-04 18:34:39+09:00,result
2026-07-04,小倉,3,3歳未勝利,11:00発走 / 芝2600m (右 A) / 天候:曇 / 馬場:重,13,�����ゃ��������������������,14.7,6.8,2026-07-04 18:34:39+09:00,result
2026-07-04,小倉,3,3歳未勝利,11:00発走 / 芝2600m (右 A) / 天候:曇 / 馬場:重,14,������������,25.7,3.9,2026-07-04 18:34:39+09:00,result
2026-07-04,小倉,3,3歳未勝利,11:00発走 / 芝2600m (右 A) / 天候:曇 / 馬場:重,15,��激�ｃ�������≪��,11.8,8.5,2026-07-04 18:34:39+09:00,result
2026-07-04,小倉,3,3歳未勝利,11:00発走 / 芝2600m (右 A) / 天候:曇 / 馬場:重,16,�����ゃ�������������祉��,18.8,5.3,2026-07-04 18:34:39+09:00,result
2026-07-04,小倉,4,3歳未勝利,11:30発走 / ダ1700m (右) / 天候:曇 / 馬場:不,1,�����若�眼����������ゃ��,2.0,50.0,2026-07-04 18:34:42+09:00,result
2026-07-04,小倉,4,3歳未勝利,11:30発走 / ダ1700m (右) / 天候:曇 / 馬場:不,2,�����������������ｃ�≪��,282.0,0.4,2026-07-04 18:34:42+09:00,result
2026-07-04,小倉,4,3歳未勝利,11:30発走 / ダ1700m (右) / 天候:曇 / 馬場:不,3,��≪����������ャ�若����ｃ��,5.8,17.2,2026-07-04 18:34:42+09:00,result
2026-07-04,小倉,4,3歳未勝利,11:30発走 / ダ1700m (右) / 天候:曇 / 馬場:不,4,�����������帥�����������,194.3,0.5,2026-07-04 18:34:42+09:00,result
2026-07-04,小倉,4,3歳未勝利,11:30発走 / ダ1700m (右) / 天候:曇 / 馬場:不,5,�����若�宴�若����ャ�若��,14.3,7.0,2026-07-04 18:34:42+09:00,result
2026-07-04,小倉,4,3歳未勝利,11:30発走 / ダ1700m (右) / 天候:曇 / 馬場:不,6,��≪�潟����ｃ�鴻��,3.7,27.0,2026-07-04 18:34:42+09:00,result
2026-07-04,小倉,4,3歳未勝利,11:30発走 / ダ1700m (右) / 天候:曇 / 馬場:不,7,��激�с����帥�＜�潟��,63.1,1.6,2026-07-04 18:34:42+09:00,result
2026-07-04,小倉,4,3歳未勝利,11:30発走 / ダ1700m (右) / 天候:曇 / 馬場:不,8,��≪�潟�������鴻�����,31.4,3.2,2026-07-04 18:34:42+09:00,result
2026-07-04,小倉,4,3歳未勝利,11:30発走 / ダ1700m (右) / 天候:曇 / 馬場:不,9,�����潟�����������,92.7,1.1,2026-07-04 18:34:42+09:00,result
2026-07-04,小倉,4,3歳未勝利,11:30発走 / ダ1700m (右) / 天候:曇 / 馬場:不,10,��ゃ����������若��,64.5,1.6,2026-07-04 18:34:42+09:00,result
2026-07-04,小倉,4,3歳未勝利,11:30発走 / ダ1700m (右) / 天候:曇 / 馬場:不,11,��眼����＜��,24.2,4.1,2026-07-04 18:34:42+09:00,result
2026-07-04,小倉,4,3歳未勝利,11:30発走 / ダ1700m (右) / 天候:曇 / 馬場:不,12,��������潟�������若��,18.8,5.3,2026-07-04 18:34:42+09:00,result
2026-07-04,小倉,4,3歳未勝利,11:30発走 / ダ1700m (右) / 天候:曇 / 馬場:不,13,������������������,273.2,0.4,2026-07-04 18:34:42+09:00,result
2026-07-04,小倉,4,3歳未勝利,11:30発走 / ダ1700m (右) / 天候:曇 / 馬場:不,14,��祉�潟�������ャ�≪����若��,27.2,3.7,2026-07-04 18:34:42+09:00,result
2026-07-04,小倉,4,3歳未勝利,11:30発走 / ダ1700m (右) / 天候:曇 / 馬場:不,15,��眼�с����激�����,215.4,0.5,2026-07-04 18:34:42+09:00,result
2026-07-04,小倉,4,3歳未勝利,11:30発走 / ダ1700m (右) / 天候:曇 / 馬場:不,16,�����潟�吾�с����違����若��,38.4,2.6,2026-07-04 18:34:42+09:00,result
2026-07-04,小倉,5,2歳新馬,12:20発走 / 芝1200m (右 A) / 天候:曇 / 馬場:重,1,��潟�潟�≪����ｃ�若�����,8.5,11.8,2026-07-04 18:34:44+09:00,result
2026-07-04,小倉,5,2歳新馬,12:20発走 / 芝1200m (右 A) / 天候:曇 / 馬場:重,2,��������潟�����������,8.8,11.4,2026-07-04 18:34:44+09:00,result
2026-07-04,小倉,5,2歳新馬,12:20発走 / 芝1200m (右 A) / 天候:曇 / 馬場:重,3,��������若��������,13.3,7.5,2026-07-04 18:34:44+09:00,result
2026-07-04,小倉,5,2歳新馬,12:20発走 / 芝1200m (右 A) / 天候:曇 / 馬場:重,4,�����ゃ����≪�ゃ�����,57.6,1.7,2026-07-04 18:34:44+09:00,result
2026-07-04,小倉,5,2歳新馬,12:20発走 / 芝1200m (右 A) / 天候:曇 / 馬場:重,5,�����с�������ｃ�潟��������,281.3,0.4,2026-07-04 18:34:44+09:00,result
2026-07-04,小倉,5,2歳新馬,12:20発走 / 芝1200m (右 A) / 天候:曇 / 馬場:重,6,��激�ｃ����若����������鴻��,20.2,5.0,2026-07-04 18:34:44+09:00,result
2026-07-04,小倉,5,2歳新馬,12:20発走 / 芝1200m (右 A) / 天候:曇 / 馬場:重,7,������������������������,50.9,2.0,2026-07-04 18:34:44+09:00,result
2026-07-04,小倉,5,2歳新馬,12:20発走 / 芝1200m (右 A) / 天候:曇 / 馬場:重,8,�����激����鴻��������,180.2,0.6,2026-07-04 18:34:44+09:00,result
2026-07-04,小倉,5,2歳新馬,12:20発走 / 芝1200m (右 A) / 天候:曇 / 馬場:重,9,�����若����若�吾�ｃ�鴻�����,47.0,2.1,2026-07-04 18:34:44+09:00,result
2026-07-04,小倉,5,2歳新馬,12:20発走 / 芝1200m (右 A) / 天候:曇 / 馬場:重,10,�����ｃ�若����鴻�激��,1.4,71.4,2026-07-04 18:34:44+09:00,result
2026-07-04,小倉,5,2歳新馬,12:20発走 / 芝1200m (右 A) / 天候:曇 / 馬場:重,11,��������≪�������ゃ����鴻��,137.1,0.7,2026-07-04 18:34:44+09:00,result
2026-07-04,小倉,5,2歳新馬,12:20発走 / 芝1200m (右 A) / 天候:曇 / 馬場:重,12,��������潟�泣�����,8.2,12.2,2026-07-04 18:34:44+09:00,result
2026-07-04,小倉,5,2歳新馬,12:20発走 / 芝1200m (右 A) / 天候:曇 / 馬場:重,13,��眼�若�������激�с�若�����,33.1,3.0,2026-07-04 18:34:44+09:00,result
2026-07-04,小倉,6,3歳未勝利,12:50発走 / ダ1700m (右) / 天候:曇 / 馬場:不,1,���������������,61.5,1.6,2026-07-04 18:34:46+09:00,result
2026-07-04,小倉,6,3歳未勝利,12:50発走 / ダ1700m (右) / 天候:曇 / 馬場:不,2,��������≪�冴�若��,30.5,3.3,2026-07-04 18:34:46+09:00,result
2026-07-04,小倉,6,3歳未勝利,12:50発走 / ダ1700m (右) / 天候:曇 / 馬場:不,3,��������鴻��������,160.4,0.6,2026-07-04 18:34:46+09:00,result
2026-07-04,小倉,6,3歳未勝利,12:50発走 / ダ1700m (右) / 天候:曇 / 馬場:不,4,��吾�ｃ�鴻����ｃ�潟�眼�����,7.2,13.9,2026-07-04 18:34:46+09:00,result
2026-07-04,小倉,6,3歳未勝利,12:50発走 / ダ1700m (右) / 天候:曇 / 馬場:不,5,�����潟����若�����,4.7,21.3,2026-07-04 18:34:46+09:00,result
2026-07-04,小倉,6,3歳未勝利,12:50発走 / ダ1700m (右) / 天候:曇 / 馬場:不,6,�����若����潟�蚊�若��,5.1,19.6,2026-07-04 18:34:46+09:00,result
2026-07-04,小倉,6,3歳未勝利,12:50発走 / ダ1700m (右) / 天候:曇 / 馬場:不,7,�����������若��,49.3,2.0,2026-07-04 18:34:46+09:00,result
2026-07-04,小倉,6,3歳未勝利,12:50発走 / ダ1700m (右) / 天候:曇 / 馬場:不,8,������������������������,163.5,0.6,2026-07-04 18:34:46+09:00,result
2026-07-04,小倉,6,3歳未勝利,12:50発走 / ダ1700m (右) / 天候:曇 / 馬場:不,9,������������������,3.7,27.0,2026-07-04 18:34:46+09:00,result
2026-07-04,小倉,6,3歳未勝利,12:50発走 / ダ1700m (右) / 天候:曇 / 馬場:不,10,�����������若�鴻����若��,21.7,4.6,2026-07-04 18:34:46+09:00,result
2026-07-04,小倉,6,3歳未勝利,12:50発走 / ダ1700m (右) / 天候:曇 / 馬場:不,11,�����潟����������激�����,29.8,3.4,2026-07-04 18:34:46+09:00,result
2026-07-04,小倉,6,3歳未勝利,12:50発走 / ダ1700m (右) / 天候:曇 / 馬場:不,12,���������������������,82.1,1.2,2026-07-04 18:34:46+09:00,result
2026-07-04,小倉,6,3歳未勝利,12:50発走 / ダ1700m (右) / 天候:曇 / 馬場:不,13,���������,45.0,2.2,2026-07-04 18:34:46+09:00,result
2026-07-04,小倉,6,3歳未勝利,12:50発走 / ダ1700m (右) / 天候:曇 / 馬場:不,14,�����若����激�ｃ�ゃ����潟��,5.7,17.5,2026-07-04 18:34:46+09:00,result
2026-07-04,小倉,6,3歳未勝利,12:50発走 / ダ1700m (右) / 天候:曇 / 馬場:不,15,�����潟�違�冴����ゃ��,15.1,6.6,2026-07-04 18:34:46+09:00,result
2026-07-04,小倉,6,3歳未勝利,12:50発走 / ダ1700m (右) / 天候:曇 / 馬場:不,16,�����������������若�����,271.3,0.4,2026-07-04 18:34:46+09:00,result
2026-07-04,小倉,7,3歳未勝利,13:20発走 / 芝1800m (右 A) / 天候:曇 / 馬場:重,1,��泣�潟����ゃ�冴�����,91.0,1.1,2026-07-04 18:34:48+09:00,result
2026-07-04,小倉,7,3歳未勝利,13:20発走 / 芝1800m (右 A) / 天候:曇 / 馬場:重,2,�����ゃ����������若�冴�����,309.0,0.3,2026-07-04 18:34:48+09:00,result
2026-07-04,小倉,7,3歳未勝利,13:20発走 / 芝1800m (右 A) / 天候:曇 / 馬場:重,3,��鴻����������若�吾��,44.3,2.3,2026-07-04 18:34:48+09:00,result
2026-07-04,小倉,7,3歳未勝利,13:20発走 / 芝1800m (右 A) / 天候:曇 / 馬場:重,4,��������������≪����若��,2.6,38.5,2026-07-04 18:34:48+09:00,result
2026-07-04,小倉,7,3歳未勝利,13:20発走 / 芝1800m (右 A) / 天候:曇 / 馬場:重,5,��激�潟�若�潟�ゃ��,319.3,0.3,2026-07-04 18:34:48+09:00,result
2026-07-04,小倉,7,3歳未勝利,13:20発走 / 芝1800m (右 A) / 天候:曇 / 馬場:重,6,�����潟����若����ャ�����,285.0,0.4,2026-07-04 18:34:48+09:00,result
2026-07-04,小倉,7,3歳未勝利,13:20発走 / 芝1800m (右 A) / 天候:曇 / 馬場:重,7,�����с��������,22.8,4.4,2026-07-04 18:34:48+09:00,result
2026-07-04,小倉,7,3歳未勝利,13:20発走 / 芝1800m (右 A) / 天候:曇 / 馬場:重,8,�����������������潟�祉��,171.5,0.6,2026-07-04 18:34:48+09:00,result
2026-07-04,小倉,7,3歳未勝利,13:20発走 / 芝1800m (右 A) / 天候:曇 / 馬場:重,9,��激�ャ�������若�����������,7.8,12.8,2026-07-04 18:34:48+09:00,result
2026-07-04,小倉,7,3歳未勝利,13:20発走 / 芝1800m (右 A) / 天候:曇 / 馬場:重,10,�����潟����ｃ�����������,4.5,22.2,2026-07-04 18:34:48+09:00,result
2026-07-04,小倉,7,3歳未勝利,13:20発走 / 芝1800m (右 A) / 天候:曇 / 馬場:重,11,���������������������,19.5,5.1,2026-07-04 18:34:48+09:00,result
2026-07-04,小倉,7,3歳未勝利,13:20発走 / 芝1800m (右 A) / 天候:曇 / 馬場:重,12,��吾�若�吾�若�吾�с�����,18.5,5.4,2026-07-04 18:34:48+09:00,result
2026-07-04,小倉,7,3歳未勝利,13:20発走 / 芝1800m (右 A) / 天候:曇 / 馬場:重,13,�����������ｃ�≪�若�����,8.3,12.0,2026-07-04 18:34:48+09:00,result
2026-07-04,小倉,7,3歳未勝利,13:20発走 / 芝1800m (右 A) / 天候:曇 / 馬場:重,14,��������鴻��,58.6,1.7,2026-07-04 18:34:48+09:00,result
2026-07-04,小倉,7,3歳未勝利,13:20発走 / 芝1800m (右 A) / 天候:曇 / 馬場:重,15,�����������ｃ����若�����,79.8,1.3,2026-07-04 18:34:48+09:00,result
2026-07-04,小倉,7,3歳未勝利,13:20発走 / 芝1800m (右 A) / 天候:曇 / 馬場:重,16,��������ゃ����������ゃ�����,5.7,17.5,2026-07-04 18:34:48+09:00,result
2026-07-04,小倉,8,3歳以上1勝クラス,13:50発走 / ダ1000m (右) / 天候:曇 / 馬場:不,1,��≪�＜�������潟�������潟��,13.7,7.3,2026-07-04 18:34:51+09:00,result
2026-07-04,小倉,8,3歳以上1勝クラス,13:50発走 / ダ1000m (右) / 天候:曇 / 馬場:不,2,��������潟�＜����＜��������,6.7,14.9,2026-07-04 18:34:51+09:00,result
2026-07-04,小倉,8,3歳以上1勝クラス,13:50発走 / ダ1000m (右) / 天候:曇 / 馬場:不,3,���������,13.1,7.6,2026-07-04 18:34:51+09:00,result
2026-07-04,小倉,8,3歳以上1勝クラス,13:50発走 / ダ1000m (右) / 天候:曇 / 馬場:不,4,��������吾��������,12.0,8.3,2026-07-04 18:34:51+09:00,result
2026-07-04,小倉,8,3歳以上1勝クラス,13:50発走 / ダ1000m (右) / 天候:曇 / 馬場:不,5,��ゃ�������若�������≪�ゃ��,48.4,2.1,2026-07-04 18:34:51+09:00,result
2026-07-04,小倉,8,3歳以上1勝クラス,13:50発走 / ダ1000m (右) / 天候:曇 / 馬場:不,6,��������������若��������,33.2,3.0,2026-07-04 18:34:51+09:00,result
2026-07-04,小倉,8,3歳以上1勝クラス,13:50発走 / ダ1000m (右) / 天候:曇 / 馬場:不,7,��������������若��,302.3,0.3,2026-07-04 18:34:51+09:00,result
2026-07-04,小倉,8,3歳以上1勝クラス,13:50発走 / ダ1000m (右) / 天候:曇 / 馬場:不,8,��������若����������潟�吾��,1.6,62.5,2026-07-04 18:34:51+09:00,result
2026-07-04,小倉,8,3歳以上1勝クラス,13:50発走 / ダ1000m (右) / 天候:曇 / 馬場:不,9,�����ゃ�������潟��,6.3,15.9,2026-07-04 18:34:51+09:00,result
2026-07-04,小倉,8,3歳以上1勝クラス,13:50発走 / ダ1000m (右) / 天候:曇 / 馬場:不,10,��≪�鴻�潟�������≪��,76.1,1.3,2026-07-04 18:34:51+09:00,result
2026-07-04,小倉,8,3歳以上1勝クラス,13:50発走 / ダ1000m (右) / 天候:曇 / 馬場:不,11,��≪�ゃ����＜�若�≪�若�����,33.1,3.0,2026-07-04 18:34:51+09:00,result
2026-07-04,小倉,8,3歳以上1勝クラス,13:50発走 / ダ1000m (右) / 天候:曇 / 馬場:不,12,������������������,403.3,0.2,2026-07-04 18:34:51+09:00,result
2026-07-04,小倉,8,3歳以上1勝クラス,13:50発走 / ダ1000m (右) / 天候:曇 / 馬場:不,13,�����ゃ�������ｃ�若��,38.9,2.6,2026-07-04 18:34:51+09:00,result
2026-07-04,小倉,9,小郡特別,14:20発走 / 芝1200m (右 A) / 天候:曇 / 馬場:稍,1,�����ｃ�������若��,6.9,14.5,2026-07-04 18:34:53+09:00,result
2026-07-04,小倉,9,小郡特別,14:20発走 / 芝1200m (右 A) / 天候:曇 / 馬場:稍,2,��������с����≪�鴻�����,113.6,0.9,2026-07-04 18:34:53+09:00,result
2026-07-04,小倉,9,小郡特別,14:20発走 / 芝1200m (右 A) / 天候:曇 / 馬場:稍,3,��鴻����������������ゃ��,14.0,7.1,2026-07-04 18:34:53+09:00,result
2026-07-04,小倉,9,小郡特別,14:20発走 / 芝1200m (右 A) / 天候:曇 / 馬場:稍,4,�����с��������,5.2,19.2,2026-07-04 18:34:53+09:00,result
2026-07-04,小倉,9,小郡特別,14:20発走 / 芝1200m (右 A) / 天候:曇 / 馬場:稍,5,��宴�ゃ�≪�ゃ��������,16.9,5.9,2026-07-04 18:34:53+09:00,result
2026-07-04,小倉,9,小郡特別,14:20発走 / 芝1200m (右 A) / 天候:曇 / 馬場:稍,6,��純����鴻����ｃ�����,20.2,5.0,2026-07-04 18:34:53+09:00,result
2026-07-04,小倉,9,小郡特別,14:20発走 / 芝1200m (右 A) / 天候:曇 / 馬場:稍,7,��違����������若��,2.3,43.5,2026-07-04 18:34:53+09:00,result
2026-07-04,小倉,9,小郡特別,14:20発走 / 芝1200m (右 A) / 天候:曇 / 馬場:稍,8,�����吟����冴�����,58.4,1.7,2026-07-04 18:34:53+09:00,result
2026-07-04,小倉,9,小郡特別,14:20発走 / 芝1200m (右 A) / 天候:曇 / 馬場:稍,9,��������潟����潟�������若��,9.4,10.6,2026-07-04 18:34:53+09:00,result
2026-07-04,小倉,9,小郡特別,14:20発走 / 芝1200m (右 A) / 天候:曇 / 馬場:稍,10,�����≪����≪�����,59.3,1.7,2026-07-04 18:34:53+09:00,result
2026-07-04,小倉,9,小郡特別,14:20発走 / 芝1200m (右 A) / 天候:曇 / 馬場:稍,11,��������ゃ����若�≪�����,7.1,14.1,2026-07-04 18:34:53+09:00,result
2026-07-04,小倉,9,小郡特別,14:20発走 / 芝1200m (右 A) / 天候:曇 / 馬場:稍,12,��������≪�ゃ�����,45.8,2.2,2026-07-04 18:34:53+09:00,result
2026-07-04,小倉,10,雲仙特別,14:55発走 / ダ1000m (右) / 天候:曇 / 馬場:不,1,�����ゃ�激�ｃ�眼�＜��������,27.0,3.7,2026-07-04 18:34:55+09:00,result
2026-07-04,小倉,10,雲仙特別,14:55発走 / ダ1000m (右) / 天候:曇 / 馬場:不,2,��������������ｃ����激�с��,30.2,3.3,2026-07-04 18:34:55+09:00,result
2026-07-04,小倉,10,雲仙特別,14:55発走 / ダ1000m (右) / 天候:曇 / 馬場:不,3,�����ｃ�若����鴻�激�с�����,21.2,4.7,2026-07-04 18:34:55+09:00,result
2026-07-04,小倉,10,雲仙特別,14:55発走 / ダ1000m (右) / 天候:曇 / 馬場:不,4,��吟�����,7.0,14.3,2026-07-04 18:34:55+09:00,result
2026-07-04,小倉,10,雲仙特別,14:55発走 / ダ1000m (右) / 天候:曇 / 馬場:不,5,������������,43.5,2.3,2026-07-04 18:34:55+09:00,result
2026-07-04,小倉,10,雲仙特別,14:55発走 / ダ1000m (右) / 天候:曇 / 馬場:不,6,�����若�冴��������,3.4,29.4,2026-07-04 18:34:55+09:00,result
2026-07-04,小倉,10,雲仙特別,14:55発走 / ダ1000m (右) / 天候:曇 / 馬場:不,7,��吾�ｃ�鴻����若�純����ゃ��,13.0,7.7,2026-07-04 18:34:55+09:00,result
2026-07-04,小倉,10,雲仙特別,14:55発走 / ダ1000m (右) / 天候:曇 / 馬場:不,8,�����若����������潟��,9.8,10.2,2026-07-04 18:34:55+09:00,result
2026-07-04,小倉,10,雲仙特別,14:55発走 / ダ1000m (右) / 天候:曇 / 馬場:不,9,��≪�鴻��������,34.2,2.9,2026-07-04 18:34:55+09:00,result
2026-07-04,小倉,10,雲仙特別,14:55発走 / ダ1000m (右) / 天候:曇 / 馬場:不,10,��祉�若����眼��������,9.9,10.1,2026-07-04 18:34:55+09:00,result
2026-07-04,小倉,10,雲仙特別,14:55発走 / ダ1000m (右) / 天候:曇 / 馬場:不,11,��������若����若��,119.6,0.8,2026-07-04 18:34:55+09:00,result
2026-07-04,小倉,10,雲仙特別,14:55発走 / ダ1000m (右) / 天候:曇 / 馬場:不,12,��眼�若�������潟�������潟��,2.7,37.0,2026-07-04 18:34:55+09:00,result
2026-07-04,小倉,11,博多S,15:30発走 / 芝1800m (右 A) / 天候:曇 / 馬場:稍,1,�����������≪��������������,65.0,1.5,2026-07-04 18:34:57+09:00,result
2026-07-04,小倉,11,博多S,15:30発走 / 芝1800m (右 A) / 天候:曇 / 馬場:稍,2,��眼�ｃ�鴻����若��,16.2,6.2,2026-07-04 18:34:57+09:00,result
2026-07-04,小倉,11,博多S,15:30発走 / 芝1800m (右 A) / 天候:曇 / 馬場:稍,3,��������������ｃ�鴻��,2.4,41.7,2026-07-04 18:34:57+09:00,result
2026-07-04,小倉,11,博多S,15:30発走 / 芝1800m (右 A) / 天候:曇 / 馬場:稍,4,��泣����潟�������若��,2.2,45.5,2026-07-04 18:34:57+09:00,result
2026-07-04,小倉,11,博多S,15:30発走 / 芝1800m (右 A) / 天候:曇 / 馬場:稍,5,��≪����帥�������с�若�眼��,14.6,6.8,2026-07-04 18:34:57+09:00,result
2026-07-04,小倉,11,博多S,15:30発走 / 芝1800m (右 A) / 天候:曇 / 馬場:稍,6,�����眼����若��,75.3,1.3,2026-07-04 18:34:57+09:00,result
2026-07-04,小倉,11,博多S,15:30発走 / 芝1800m (右 A) / 天候:曇 / 馬場:稍,7,�����若�≪����ゃ�����,35.8,2.8,2026-07-04 18:34:57+09:00,result
2026-07-04,小倉,11,博多S,15:30発走 / 芝1800m (右 A) / 天候:曇 / 馬場:稍,8,������������������,93.2,1.1,2026-07-04 18:34:57+09:00,result
2026-07-04,小倉,11,博多S,15:30発走 / 芝1800m (右 A) / 天候:曇 / 馬場:稍,9,��≪�������ャ�若��,118.0,0.8,2026-07-04 18:34:57+09:00,result
2026-07-04,小倉,11,博多S,15:30発走 / 芝1800m (右 A) / 天候:曇 / 馬場:稍,10,��鴻�������潟�違����с�ゃ��,74.0,1.4,2026-07-04 18:34:57+09:00,result
2026-07-04,小倉,11,博多S,15:30発走 / 芝1800m (右 A) / 天候:曇 / 馬場:稍,11,��������ｃ�若����潟�����,12.9,7.8,2026-07-04 18:34:57+09:00,result
2026-07-04,小倉,11,博多S,15:30発走 / 芝1800m (右 A) / 天候:曇 / 馬場:稍,12,��������若�帥�若����若�����,22.5,4.4,2026-07-04 18:34:57+09:00,result
2026-07-04,小倉,11,博多S,15:30発走 / 芝1800m (右 A) / 天候:曇 / 馬場:稍,13,��≪�≪����吾�����,37.5,2.7,2026-07-04 18:34:57+09:00,result
2026-07-04,小倉,11,博多S,15:30発走 / 芝1800m (右 A) / 天候:曇 / 馬場:稍,14,�����������潟�若�������激��,23.3,4.3,2026-07-04 18:34:57+09:00,result
2026-07-04,小倉,12,3歳以上1勝クラス,16:15発走 / 芝1200m (右 A) / 天候:曇 / 馬場:稍,1,�����若�潟����������≪�ゃ��,2.6,38.5,2026-07-04 18:34:59+09:00,result
2026-07-04,小倉,12,3歳以上1勝クラス,16:15発走 / 芝1200m (右 A) / 天候:曇 / 馬場:稍,2,��潟�����,257.4,0.4,2026-07-04 18:34:59+09:00,result
2026-07-04,小倉,12,3歳以上1勝クラス,16:15発走 / 芝1200m (右 A) / 天候:曇 / 馬場:稍,3,�����潟�������潟��,9.7,10.3,2026-07-04 18:34:59+09:00,result
2026-07-04,小倉,12,3歳以上1勝クラス,16:15発走 / 芝1200m (右 A) / 天候:曇 / 馬場:稍,4,��������泣�鴻����若��,10.4,9.6,2026-07-04 18:34:59+09:00,result
2026-07-04,小倉,12,3歳以上1勝クラス,16:15発走 / 芝1200m (右 A) / 天候:曇 / 馬場:稍,5,��������������若��,96.4,1.0,2026-07-04 18:34:59+09:00,result
2026-07-04,小倉,12,3歳以上1勝クラス,16:15発走 / 芝1200m (右 A) / 天候:曇 / 馬場:稍,6,�����＜�激�����,21.3,4.7,2026-07-04 18:34:59+09:00,result
2026-07-04,小倉,12,3歳以上1勝クラス,16:15発走 / 芝1200m (右 A) / 天候:曇 / 馬場:稍,7,��≪�������������ャ�若�蚊��,6.2,16.1,2026-07-04 18:34:59+09:00,result
2026-07-04,小倉,12,3歳以上1勝クラス,16:15発走 / 芝1200m (右 A) / 天候:曇 / 馬場:稍,8,�����������吟�違�������潟��,11.4,8.8,2026-07-04 18:34:59+09:00,result
2026-07-04,小倉,12,3歳以上1勝クラス,16:15発走 / 芝1200m (右 A) / 天候:曇 / 馬場:稍,9,�����������������ゃ�若��,11.7,8.5,2026-07-04 18:34:59+09:00,result
2026-07-04,小倉,12,3歳以上1勝クラス,16:15発走 / 芝1200m (右 A) / 天候:曇 / 馬場:稍,10,��吾�ｃ�潟�������若��,7.8,12.8,2026-07-04 18:34:59+09:00,result
2026-07-04,小倉,12,3歳以上1勝クラス,16:15発走 / 芝1200m (右 A) / 天候:曇 / 馬場:稍,11,�����������泣�潟����ゃ��,165.3,0.6,2026-07-04 18:34:59+09:00,result
2026-07-04,小倉,12,3歳以上1勝クラス,16:15発走 / 芝1200m (右 A) / 天候:曇 / 馬場:稍,12,���������������,6.8,14.7,2026-07-04 18:34:59+09:00,result
2026-07-04,函館,1,2歳未勝利,09:50発走 / 芝1200m (右 A) / 天候:晴 / 馬場:良,1,�����ゃ����宴��,46.2,2.2,2026-07-04 18:35:26+09:00,result
2026-07-04,函館,1,2歳未勝利,09:50発走 / 芝1200m (右 A) / 天候:晴 / 馬場:良,2,��≪����������ｃ�若��,1.8,55.6,2026-07-04 18:35:26+09:00,result
2026-07-04,函館,1,2歳未勝利,09:50発走 / 芝1200m (右 A) / 天候:晴 / 馬場:良,3,�����若�潟��������,2.8,35.7,2026-07-04 18:35:26+09:00,result
2026-07-04,函館,1,2歳未勝利,09:50発走 / 芝1200m (右 A) / 天候:晴 / 馬場:良,4,��ゃ����眼����帥�≪��,30.3,3.3,2026-07-04 18:35:26+09:00,result
2026-07-04,函館,1,2歳未勝利,09:50発走 / 芝1200m (右 A) / 天候:晴 / 馬場:良,5,�����若�祉�潟��������,10.0,10.0,2026-07-04 18:35:26+09:00,result
2026-07-04,函館,1,2歳未勝利,09:50発走 / 芝1200m (右 A) / 天候:晴 / 馬場:良,6,��≪�冴����ゃ�������ｃ�≪��,33.5,3.0,2026-07-04 18:35:26+09:00,result
2026-07-04,函館,1,2歳未勝利,09:50発走 / 芝1200m (右 A) / 天候:晴 / 馬場:良,7,��激�с�������潟��������,7.0,14.3,2026-07-04 18:35:26+09:00,result
2026-07-04,函館,1,2歳未勝利,09:50発走 / 芝1200m (右 A) / 天候:晴 / 馬場:良,8,��眼�若����ャ�若�����������,124.1,0.8,2026-07-04 18:35:26+09:00,result
2026-07-04,函館,1,2歳未勝利,09:50発走 / 芝1200m (右 A) / 天候:晴 / 馬場:良,9,��≪�ゃ�激�����������������,107.9,0.9,2026-07-04 18:35:26+09:00,result
2026-07-04,函館,2,3歳未勝利,10:20発走 / 芝1800m (右 A) / 天候:晴 / 馬場:良,1,�����＜�����������,10.6,9.4,2026-07-04 18:35:29+09:00,result
2026-07-04,函館,2,3歳未勝利,10:20発走 / 芝1800m (右 A) / 天候:晴 / 馬場:良,2,�����ゃ�冴�ゃ�潟�吟�泣��,82.3,1.2,2026-07-04 18:35:29+09:00,result
2026-07-04,函館,2,3歳未勝利,10:20発走 / 芝1800m (右 A) / 天候:晴 / 馬場:良,3,�����������帥�����,2.1,47.6,2026-07-04 18:35:29+09:00,result
2026-07-04,函館,2,3歳未勝利,10:20発走 / 芝1800m (右 A) / 天候:晴 / 馬場:良,4,��������激�с�������ャ��,195.7,0.5,2026-07-04 18:35:29+09:00,result
2026-07-04,函館,2,3歳未勝利,10:20発走 / 芝1800m (右 A) / 天候:晴 / 馬場:良,5,��潟����潟����激�帥�����,4.8,20.8,2026-07-04 18:35:29+09:00,result
2026-07-04,函館,2,3歳未勝利,10:20発走 / 芝1800m (右 A) / 天候:晴 / 馬場:良,6,��≪����с�ゃ��������,238.9,0.4,2026-07-04 18:35:29+09:00,result
2026-07-04,函館,2,3歳未勝利,10:20発走 / 芝1800m (右 A) / 天候:晴 / 馬場:良,7,��鴻��������,66.4,1.5,2026-07-04 18:35:29+09:00,result
2026-07-04,函館,2,3歳未勝利,10:20発走 / 芝1800m (右 A) / 天候:晴 / 馬場:良,8,�����ゃ����������ｃ�吟�ゃ��,170.9,0.6,2026-07-04 18:35:29+09:00,result
2026-07-04,函館,2,3歳未勝利,10:20発走 / 芝1800m (右 A) / 天候:晴 / 馬場:良,9,��眼�＜�若����吟�若�蚊��,80.1,1.2,2026-07-04 18:35:29+09:00,result
2026-07-04,函館,2,3歳未勝利,10:20発走 / 芝1800m (右 A) / 天候:晴 / 馬場:良,10,�����若�潟����ャ�����������,17.2,5.8,2026-07-04 18:35:29+09:00,result
2026-07-04,函館,2,3歳未勝利,10:20発走 / 芝1800m (右 A) / 天候:晴 / 馬場:良,11,��帥�ゃ�祉�ゃ��������,110.4,0.9,2026-07-04 18:35:29+09:00,result
2026-07-04,函館,2,3歳未勝利,10:20発走 / 芝1800m (右 A) / 天候:晴 / 馬場:良,12,��＜�ゃ�激�с�������若��,6.1,16.4,2026-07-04 18:35:29+09:00,result
2026-07-04,函館,2,3歳未勝利,10:20発走 / 芝1800m (右 A) / 天候:晴 / 馬場:良,13,������������,13.0,7.7,2026-07-04 18:35:29+09:00,result
2026-07-04,函館,2,3歳未勝利,10:20発走 / 芝1800m (右 A) / 天候:晴 / 馬場:良,14,������������,54.3,1.8,2026-07-04 18:35:29+09:00,result
2026-07-04,函館,2,3歳未勝利,10:20発走 / 芝1800m (右 A) / 天候:晴 / 馬場:良,15,�����ゃ�激�潟����若�����,86.9,1.2,2026-07-04 18:35:29+09:00,result
2026-07-04,函館,2,3歳未勝利,10:20発走 / 芝1800m (右 A) / 天候:晴 / 馬場:良,16,�����激����������������若��,10.5,9.5,2026-07-04 18:35:29+09:00,result
2026-07-04,函館,3,3歳未勝利,10:50発走 / ダ1700m (右) / 天候:晴 / 馬場:良,1,�����鴻����������吾�ｃ��,67.4,1.5,2026-07-04 18:35:31+09:00,result
2026-07-04,函館,3,3歳未勝利,10:50発走 / ダ1700m (右) / 天候:晴 / 馬場:良,2,�����鴻����������若��,25.3,4.0,2026-07-04 18:35:31+09:00,result
2026-07-04,函館,3,3歳未勝利,10:50発走 / ダ1700m (右) / 天候:晴 / 馬場:良,3,�����������鴻�����,302.1,0.3,2026-07-04 18:35:31+09:00,result
2026-07-04,函館,3,3歳未勝利,10:50発走 / ダ1700m (右) / 天候:晴 / 馬場:良,4,��������泣�鴻����ｃ�潟��,3.1,32.3,2026-07-04 18:35:31+09:00,result
2026-07-04,函館,3,3歳未勝利,10:50発走 / ダ1700m (右) / 天候:晴 / 馬場:良,5,�����激�с����������ゃ�潟��,3.6,27.8,2026-07-04 18:35:31+09:00,result
2026-07-04,函館,3,3歳未勝利,10:50発走 / ダ1700m (右) / 天候:晴 / 馬場:良,6,�����若�吾�ャ����眼�ｃ�����,31.1,3.2,2026-07-04 18:35:31+09:00,result
2026-07-04,函館,3,3歳未勝利,10:50発走 / ダ1700m (右) / 天候:晴 / 馬場:良,8,�����若�吾�ャ�������若��,20.5,4.9,2026-07-04 18:35:31+09:00,result
2026-07-04,函館,3,3歳未勝利,10:50発走 / ダ1700m (右) / 天候:晴 / 馬場:良,9,�����潟�宴��,2.5,40.0,2026-07-04 18:35:31+09:00,result
2026-07-04,函館,3,3歳未勝利,10:50発走 / ダ1700m (右) / 天候:晴 / 馬場:良,10,��������若�帥�若�鴻��������,12.8,7.8,2026-07-04 18:35:31+09:00,result
2026-07-04,函館,3,3歳未勝利,10:50発走 / ダ1700m (右) / 天候:晴 / 馬場:良,11,��������鴻�������ゃ�ゃ��,25.7,3.9,2026-07-04 18:35:31+09:00,result
2026-07-04,函館,3,3歳未勝利,10:50発走 / ダ1700m (右) / 天候:晴 / 馬場:良,12,�����ゃ����泣��������,89.1,1.1,2026-07-04 18:35:31+09:00,result
2026-07-04,函館,4,3歳未勝利,11:20発走 / 芝1200m (右 A) / 天候:晴 / 馬場:良,1,��������������吟����ゃ�ゃ��,12.1,8.3,2026-07-04 18:35:34+09:00,result
2026-07-04,函館,4,3歳未勝利,11:20発走 / 芝1200m (右 A) / 天候:晴 / 馬場:良,2,�����若�吾�ャ����ｃ�若�����,7.1,14.1,2026-07-04 18:35:34+09:00,result
2026-07-04,函館,4,3歳未勝利,11:20発走 / 芝1200m (右 A) / 天候:晴 / 馬場:良,3,��違����若����≪�鴻����潟��,283.4,0.4,2026-07-04 18:35:34+09:00,result
2026-07-04,函館,4,3歳未勝利,11:20発走 / 芝1200m (右 A) / 天候:晴 / 馬場:良,4,��������������吾�ｃ�����,4.6,21.7,2026-07-04 18:35:34+09:00,result
2026-07-04,函館,4,3歳未勝利,11:20発走 / 芝1200m (右 A) / 天候:晴 / 馬場:良,5,�����ｃ�泣�ゃ�������潟�����,18.4,5.4,2026-07-04 18:35:34+09:00,result
2026-07-04,函館,4,3歳未勝利,11:20発走 / 芝1200m (右 A) / 天候:晴 / 馬場:良,6,�����������≪�潟�帥�����,102.4,1.0,2026-07-04 18:35:34+09:00,result
2026-07-04,函館,4,3歳未勝利,11:20発走 / 芝1200m (右 A) / 天候:晴 / 馬場:良,7,�����������������������若��,347.1,0.3,2026-07-04 18:35:34+09:00,result
2026-07-04,函館,4,3歳未勝利,11:20発走 / 芝1200m (右 A) / 天候:晴 / 馬場:良,8,��純�����������,25.8,3.9,2026-07-04 18:35:34+09:00,result
2026-07-04,函館,4,3歳未勝利,11:20発走 / 芝1200m (右 A) / 天候:晴 / 馬場:良,9,��蚊����ゃ��,119.9,0.8,2026-07-04 18:35:34+09:00,result
2026-07-04,函館,4,3歳未勝利,11:20発走 / 芝1200m (右 A) / 天候:晴 / 馬場:良,10,�����с����若�������若��,230.6,0.4,2026-07-04 18:35:34+09:00,result
2026-07-04,函館,4,3歳未勝利,11:20発走 / 芝1200m (右 A) / 天候:晴 / 馬場:良,11,�����������若��,2.5,40.0,2026-07-04 18:35:34+09:00,result
2026-07-04,函館,4,3歳未勝利,11:20発走 / 芝1200m (右 A) / 天候:晴 / 馬場:良,12,�����������＜�����,24.9,4.0,2026-07-04 18:35:34+09:00,result
2026-07-04,函館,4,3歳未勝利,11:20発走 / 芝1200m (右 A) / 天候:晴 / 馬場:良,13,��鴻����ゃ����������ャ�若��,103.8,1.0,2026-07-04 18:35:34+09:00,result
2026-07-04,函館,4,3歳未勝利,11:20発走 / 芝1200m (右 A) / 天候:晴 / 馬場:良,14,�����若����������激��,17.2,5.8,2026-07-04 18:35:34+09:00,result
2026-07-04,函館,4,3歳未勝利,11:20発走 / 芝1200m (右 A) / 天候:晴 / 馬場:良,15,��鴻����泣�潟�����,5.8,17.2,2026-07-04 18:35:34+09:00,result
2026-07-04,函館,4,3歳未勝利,11:20発走 / 芝1200m (右 A) / 天候:晴 / 馬場:良,16,��ゃ�吾����������������潟��,72.3,1.4,2026-07-04 18:35:34+09:00,result
2026-07-04,函館,5,2歳新馬,12:10発走 / ダ1000m (右) / 天候:晴 / 馬場:良,1,��������泣�潟�鴻�����,4.6,21.7,2026-07-04 18:35:37+09:00,result
2026-07-04,函館,5,2歳新馬,12:10発走 / ダ1000m (右) / 天候:晴 / 馬場:良,2,�����≪��������������,33.7,3.0,2026-07-04 18:35:37+09:00,result
2026-07-04,函館,5,2歳新馬,12:10発走 / ダ1000m (右) / 天候:晴 / 馬場:良,3,��������鴻��,1.5,66.7,2026-07-04 18:35:37+09:00,result
2026-07-04,函館,5,2歳新馬,12:10発走 / ダ1000m (右) / 天候:晴 / 馬場:良,4,�����若����ゃ�鴻����若��,10.2,9.8,2026-07-04 18:35:37+09:00,result
2026-07-04,函館,5,2歳新馬,12:10発走 / ダ1000m (右) / 天候:晴 / 馬場:良,5,��眼�＜�ゃ�帥����冴��,3.8,26.3,2026-07-04 18:35:37+09:00,result
2026-07-04,函館,6,3歳未勝利,12:40発走 / ダ1700m (右) / 天候:晴 / 馬場:良,1,��＜�ゃ�激�с����祉�潟�����,11.3,8.8,2026-07-04 18:35:39+09:00,result
2026-07-04,函館,6,3歳未勝利,12:40発走 / ダ1700m (右) / 天候:晴 / 馬場:良,2,��������ゃ�冴����潟�����,7.8,12.8,2026-07-04 18:35:39+09:00,result
2026-07-04,函館,6,3歳未勝利,12:40発走 / ダ1700m (右) / 天候:晴 / 馬場:良,4,��鴻�������泣�������ゃ��,211.5,0.5,2026-07-04 18:35:39+09:00,result
2026-07-04,函館,6,3歳未勝利,12:40発走 / ダ1700m (右) / 天候:晴 / 馬場:良,5,�����������������ゃ��,2.1,47.6,2026-07-04 18:35:39+09:00,result
2026-07-04,函館,6,3歳未勝利,12:40発走 / ダ1700m (右) / 天候:晴 / 馬場:良,6,�����с�潟�����,63.7,1.6,2026-07-04 18:35:39+09:00,result
2026-07-04,函館,6,3歳未勝利,12:40発走 / ダ1700m (右) / 天候:晴 / 馬場:良,7,�����������≪�潟��,175.7,0.6,2026-07-04 18:35:39+09:00,result
2026-07-04,函館,6,3歳未勝利,12:40発走 / ダ1700m (右) / 天候:晴 / 馬場:良,8,���������,12.1,8.3,2026-07-04 18:35:39+09:00,result
2026-07-04,函館,6,3歳未勝利,12:40発走 / ダ1700m (右) / 天候:晴 / 馬場:良,9,�����ゃ�眼�������������若��,291.2,0.3,2026-07-04 18:35:39+09:00,result
2026-07-04,函館,6,3歳未勝利,12:40発走 / ダ1700m (右) / 天候:晴 / 馬場:良,10,��激�ャ�眼�с�鴻�帥��,25.7,3.9,2026-07-04 18:35:39+09:00,result
2026-07-04,函館,6,3歳未勝利,12:40発走 / ダ1700m (右) / 天候:晴 / 馬場:良,11,��鴻�������若�������ゃ�若��,20.0,5.0,2026-07-04 18:35:39+09:00,result
2026-07-04,函館,6,3歳未勝利,12:40発走 / ダ1700m (右) / 天候:晴 / 馬場:良,12,�����������ャ�若����ｃ��,4.7,21.3,2026-07-04 18:35:39+09:00,result
2026-07-04,函館,6,3歳未勝利,12:40発走 / ダ1700m (右) / 天候:晴 / 馬場:良,13,�����ｃ�若����������ャ�若��,8.1,12.3,2026-07-04 18:35:39+09:00,result
2026-07-04,函館,6,3歳未勝利,12:40発走 / ダ1700m (右) / 天候:晴 / 馬場:良,14,��������若�����������,29.7,3.4,2026-07-04 18:35:39+09:00,result
2026-07-04,函館,7,3歳以上1勝クラス,13:10発走 / 芝1200m (右 A) / 天候:晴 / 馬場:良,1,��������������ゃ�����,3.7,27.0,2026-07-04 18:35:41+09:00,result
2026-07-04,函館,7,3歳以上1勝クラス,13:10発走 / 芝1200m (右 A) / 天候:晴 / 馬場:良,2,�����������������������с��,112.0,0.9,2026-07-04 18:35:41+09:00,result
2026-07-04,函館,7,3歳以上1勝クラス,13:10発走 / 芝1200m (右 A) / 天候:晴 / 馬場:良,3,��������������激��,1.9,52.6,2026-07-04 18:35:41+09:00,result
2026-07-04,函館,7,3歳以上1勝クラス,13:10発走 / 芝1200m (右 A) / 天候:晴 / 馬場:良,4,��潟�潟�純����若��,230.3,0.4,2026-07-04 18:35:41+09:00,result
2026-07-04,函館,7,3歳以上1勝クラス,13:10発走 / 芝1200m (右 A) / 天候:晴 / 馬場:良,5,�����ゃ�������潟�違��������,24.6,4.1,2026-07-04 18:35:41+09:00,result
2026-07-04,函館,7,3歳以上1勝クラス,13:10発走 / 芝1200m (右 A) / 天候:晴 / 馬場:良,6,��≪�����������,87.8,1.1,2026-07-04 18:35:41+09:00,result
2026-07-04,函館,7,3歳以上1勝クラス,13:10発走 / 芝1200m (右 A) / 天候:晴 / 馬場:良,7,��＜�ゃ�激�с����������宴��,3.8,26.3,2026-07-04 18:35:41+09:00,result
2026-07-04,函館,7,3歳以上1勝クラス,13:10発走 / 芝1200m (右 A) / 天候:晴 / 馬場:良,8,��吾�ャ�吾�ャ����若��,200.3,0.5,2026-07-04 18:35:41+09:00,result
2026-07-04,函館,7,3歳以上1勝クラス,13:10発走 / 芝1200m (右 A) / 天候:晴 / 馬場:良,9,�����若�吾�ャ����������激��,19.3,5.2,2026-07-04 18:35:41+09:00,result
2026-07-04,函館,7,3歳以上1勝クラス,13:10発走 / 芝1200m (右 A) / 天候:晴 / 馬場:良,10,��鴻�������ゃ����≪�鴻��,12.6,7.9,2026-07-04 18:35:41+09:00,result
2026-07-04,函館,8,3歳以上1勝クラス,13:40発走 / 芝2600m (右 A) / 天候:晴 / 馬場:良,1,��違����潟�≪�����,16.2,6.2,2026-07-04 18:35:43+09:00,result
2026-07-04,函館,8,3歳以上1勝クラス,13:40発走 / 芝2600m (右 A) / 天候:晴 / 馬場:良,2,��泣�ゃ�≪�潟�ゃ�����������,94.9,1.1,2026-07-04 18:35:43+09:00,result
2026-07-04,函館,8,3歳以上1勝クラス,13:40発走 / 芝2600m (右 A) / 天候:晴 / 馬場:良,3,��������潟����鴻��������,1.6,62.5,2026-07-04 18:35:43+09:00,result
2026-07-04,函館,8,3歳以上1勝クラス,13:40発走 / 芝2600m (右 A) / 天候:晴 / 馬場:良,4,��≪�鴻�������＜�ゃ�≪�≪��,17.8,5.6,2026-07-04 18:35:43+09:00,result
2026-07-04,函館,8,3歳以上1勝クラス,13:40発走 / 芝2600m (右 A) / 天候:晴 / 馬場:良,5,�����ャ�若�≪����ゃ��,106.4,0.9,2026-07-04 18:35:43+09:00,result
2026-07-04,函館,8,3歳以上1勝クラス,13:40発走 / 芝2600m (右 A) / 天候:晴 / 馬場:良,6,�����冴�≪����������若��,2.4,41.7,2026-07-04 18:35:43+09:00,result
2026-07-04,函館,8,3歳以上1勝クラス,13:40発走 / 芝2600m (右 A) / 天候:晴 / 馬場:良,7,���������������,8.4,11.9,2026-07-04 18:35:43+09:00,result
2026-07-04,函館,9,恵山特別,14:10発走 / 芝1800m (右 A) / 天候:晴 / 馬場:良,1,��違����潟�祉�障��,4.8,20.8,2026-07-04 18:35:45+09:00,result
2026-07-04,函館,9,恵山特別,14:10発走 / 芝1800m (右 A) / 天候:晴 / 馬場:良,2,�����ゃ�������若��,12.9,7.8,2026-07-04 18:35:45+09:00,result
2026-07-04,函館,9,恵山特別,14:10発走 / 芝1800m (右 A) / 天候:晴 / 馬場:良,3,��眼�若�眼�若�帥�����,4.0,25.0,2026-07-04 18:35:45+09:00,result
2026-07-04,函館,9,恵山特別,14:10発走 / 芝1800m (右 A) / 天候:晴 / 馬場:良,4,��帥�ゃ����������吾�с�若��,5.2,19.2,2026-07-04 18:35:45+09:00,result
2026-07-04,函館,9,恵山特別,14:10発走 / 芝1800m (右 A) / 天候:晴 / 馬場:良,5,��≪�������ｃ�鴻����ｃ�若��,11.4,8.8,2026-07-04 18:35:45+09:00,result
2026-07-04,函館,9,恵山特別,14:10発走 / 芝1800m (右 A) / 天候:晴 / 馬場:良,6,�����ゃ�潟�������若��,6.4,15.6,2026-07-04 18:35:45+09:00,result
2026-07-04,函館,9,恵山特別,14:10発走 / 芝1800m (右 A) / 天候:晴 / 馬場:良,7,��違����若�������吾�с��,3.6,27.8,2026-07-04 18:35:45+09:00,result
2026-07-04,函館,9,恵山特別,14:10発走 / 芝1800m (右 A) / 天候:晴 / 馬場:良,8,�����祉����������潟�吾�с��,92.6,1.1,2026-07-04 18:35:45+09:00,result
2026-07-04,函館,9,恵山特別,14:10発走 / 芝1800m (右 A) / 天候:晴 / 馬場:良,9,��鴻�帥�若����＜�ゃ�純��,119.0,0.8,2026-07-04 18:35:45+09:00,result
2026-07-04,函館,10,竜飛崎特別,14:45発走 / ダ1700m (右) / 天候:晴 / 馬場:良,1,��祉����潟�泣��������,7.5,13.3,2026-07-04 18:35:47+09:00,result
2026-07-04,函館,10,竜飛崎特別,14:45発走 / ダ1700m (右) / 天候:晴 / 馬場:良,2,��宴�ゃ�≪�ゃ�≪�����,1.9,52.6,2026-07-04 18:35:47+09:00,result
2026-07-04,函館,10,竜飛崎特別,14:45発走 / ダ1700m (右) / 天候:晴 / 馬場:良,3,��������������ゃ�������潟��,42.0,2.4,2026-07-04 18:35:47+09:00,result
2026-07-04,函館,10,竜飛崎特別,14:45発走 / ダ1700m (右) / 天候:晴 / 馬場:良,4,��������鴻�����������,235.8,0.4,2026-07-04 18:35:47+09:00,result
2026-07-04,函館,10,竜飛崎特別,14:45発走 / ダ1700m (右) / 天候:晴 / 馬場:良,5,�����ゃ����蚊�若��,5.8,17.2,2026-07-04 18:35:47+09:00,result
2026-07-04,函館,10,竜飛崎特別,14:45発走 / ダ1700m (右) / 天候:晴 / 馬場:良,6,�����祉�≪�����������������,228.9,0.4,2026-07-04 18:35:47+09:00,result
2026-07-04,函館,10,竜飛崎特別,14:45発走 / ダ1700m (右) / 天候:晴 / 馬場:良,7,��≪�������������若��,76.1,1.3,2026-07-04 18:35:47+09:00,result
2026-07-04,函館,10,竜飛崎特別,14:45発走 / ダ1700m (右) / 天候:晴 / 馬場:良,8,�����帥�若��,13.9,7.2,2026-07-04 18:35:47+09:00,result
2026-07-04,函館,10,竜飛崎特別,14:45発走 / ダ1700m (右) / 天候:晴 / 馬場:良,9,�����≪����蚊��,34.6,2.9,2026-07-04 18:35:47+09:00,result
2026-07-04,函館,10,竜飛崎特別,14:45発走 / ダ1700m (右) / 天候:晴 / 馬場:良,10,��鴻�������若��,17.4,5.7,2026-07-04 18:35:47+09:00,result
2026-07-04,函館,10,竜飛崎特別,14:45発走 / ダ1700m (右) / 天候:晴 / 馬場:良,11,��＜�ゃ�激�с����帥�ゃ�����,57.9,1.7,2026-07-04 18:35:47+09:00,result
2026-07-04,函館,10,竜飛崎特別,14:45発走 / ダ1700m (右) / 天候:晴 / 馬場:良,12,�����潟�������鴻�������若��,289.3,0.3,2026-07-04 18:35:47+09:00,result
2026-07-04,函館,10,竜飛崎特別,14:45発走 / ダ1700m (右) / 天候:晴 / 馬場:良,13,��������若��,84.1,1.2,2026-07-04 18:35:47+09:00,result
2026-07-04,函館,10,竜飛崎特別,14:45発走 / ダ1700m (右) / 天候:晴 / 馬場:良,14,�����ｃ�≪�����,5.2,19.2,2026-07-04 18:35:47+09:00,result
2026-07-04,函館,11,TVh杯,15:20発走 / 芝1200m (右 A) / 天候:晴 / 馬場:良,1,�����ャ�≪����若��,21.0,4.8,2026-07-04 18:35:50+09:00,result
2026-07-04,函館,11,TVh杯,15:20発走 / 芝1200m (右 A) / 天候:晴 / 馬場:良,2,�����ｃ�������������若��,197.6,0.5,2026-07-04 18:35:50+09:00,result
2026-07-04,函館,11,TVh杯,15:20発走 / 芝1200m (右 A) / 天候:晴 / 馬場:良,3,��泣�������潟�帥��,55.3,1.8,2026-07-04 18:35:50+09:00,result
2026-07-04,函館,11,TVh杯,15:20発走 / 芝1200m (右 A) / 天候:晴 / 馬場:良,4,�����潟����吾�若��,35.4,2.8,2026-07-04 18:35:50+09:00,result
2026-07-04,函館,11,TVh杯,15:20発走 / 芝1200m (右 A) / 天候:晴 / 馬場:良,5,��泣����鴻����潟��,2.8,35.7,2026-07-04 18:35:50+09:00,result
2026-07-04,函館,11,TVh杯,15:20発走 / 芝1200m (右 A) / 天候:晴 / 馬場:良,6,��激����眼�鴻����ｃ�潟��,10.3,9.7,2026-07-04 18:35:50+09:00,result
2026-07-04,函館,11,TVh杯,15:20発走 / 芝1200m (右 A) / 天候:晴 / 馬場:良,7,��≪�潟�吾�ャ�����������,5.5,18.2,2026-07-04 18:35:50+09:00,result
2026-07-04,函館,11,TVh杯,15:20発走 / 芝1200m (右 A) / 天候:晴 / 馬場:良,8,�����若��������������,5.7,17.5,2026-07-04 18:35:50+09:00,result
2026-07-04,函館,11,TVh杯,15:20発走 / 芝1200m (右 A) / 天候:晴 / 馬場:良,9,��������鴻�������若��,16.0,6.2,2026-07-04 18:35:50+09:00,result
2026-07-04,函館,11,TVh杯,15:20発走 / 芝1200m (右 A) / 天候:晴 / 馬場:良,10,�����������若����潟�����,71.5,1.4,2026-07-04 18:35:50+09:00,result
2026-07-04,函館,11,TVh杯,15:20発走 / 芝1200m (右 A) / 天候:晴 / 馬場:良,11,�����眼�＜�潟�鴻����ｃ�若��,17.0,5.9,2026-07-04 18:35:50+09:00,result
2026-07-04,函館,11,TVh杯,15:20発走 / 芝1200m (右 A) / 天候:晴 / 馬場:良,12,��＜����������≪����若��,11.3,8.8,2026-07-04 18:35:50+09:00,result
2026-07-04,函館,11,TVh杯,15:20発走 / 芝1200m (右 A) / 天候:晴 / 馬場:良,13,������������������,16.5,6.1,2026-07-04 18:35:50+09:00,result
2026-07-04,函館,11,TVh杯,15:20発走 / 芝1200m (右 A) / 天候:晴 / 馬場:良,14,�����若��,25.0,4.0,2026-07-04 18:35:50+09:00,result
2026-07-04,函館,11,TVh杯,15:20発走 / 芝1200m (右 A) / 天候:晴 / 馬場:良,15,�����若�������ゃ����ゃ��,43.4,2.3,2026-07-04 18:35:50+09:00,result
2026-07-04,函館,11,TVh杯,15:20発走 / 芝1200m (右 A) / 天候:晴 / 馬場:良,16,��眼�若�������泣�若�����,122.6,0.8,2026-07-04 18:35:50+09:00,result
2026-07-04,函館,12,3歳以上1勝クラス,16:05発走 / ダ1700m (右) / 天候:晴 / 馬場:良,1,��������ゃ�吾�潟�違�鴻�帥��,23.0,4.3,2026-07-04 18:35:52+09:00,result
2026-07-04,函館,12,3歳以上1勝クラス,16:05発走 / ダ1700m (右) / 天候:晴 / 馬場:良,2,��ゃ�泣��,27.3,3.7,2026-07-04 18:35:52+09:00,result
2026-07-04,函館,12,3歳以上1勝クラス,16:05発走 / ダ1700m (右) / 天候:晴 / 馬場:良,3,��眼�若�������������ゃ��,2.1,47.6,2026-07-04 18:35:52+09:00,result
2026-07-04,函館,12,3歳以上1勝クラス,16:05発走 / ダ1700m (右) / 天候:晴 / 馬場:良,4,��≪����若�眼�＜��,17.2,5.8,2026-07-04 18:35:52+09:00,result
2026-07-04,函館,12,3歳以上1勝クラス,16:05発走 / ダ1700m (右) / 天候:晴 / 馬場:良,5,��激�ャ�眼�＜����������若��,21.7,4.6,2026-07-04 18:35:52+09:00,result
2026-07-04,函館,12,3歳以上1勝クラス,16:05発走 / ダ1700m (右) / 天候:晴 / 馬場:良,6,��激�若�冴�吟�鴻����若��,1.9,52.6,2026-07-04 18:35:52+09:00,result
2026-07-04,函館,12,3歳以上1勝クラス,16:05発走 / ダ1700m (右) / 天候:晴 / 馬場:良,7,�����若�����������,12.5,8.0,2026-07-04 18:35:52+09:00,result
